3 0.382646 0.383763 0.125429 0.169588
2 0.301374 0.383505 0.041925 0.169072
4 0.257045 0.380155 0.041925 0.179897
0 0.178178 0.382216 0.027148 0.161340
4 0.128694 0.443557 0.115807 0.065464
0 0.297251 0.324227 0.120275 0.045361
0 0.296563 0.445103 0.118901 0.046907
3 0.846907 0.385309 0.121993 0.177835
0 0.633505 0.396907 0.027835 0.159794
0 0.764433 0.323969 0.117870 0.043814
0 0.769072 0.453093 0.111340 0.038144
6 0.700000 0.392268 0.082474 0.177320
5 0.767354 0.386856 0.045361 0.181959
7 0.593299 0.310052 0.118556 0.093299
