2 0.242268 0.297423 0.116838 0.064948
8 0.241581 0.421392 0.114089 0.067526
0 0.204467 0.364433 0.035739 0.173196
0 0.329725 0.300000 0.122680 0.057732
0 0.324055 0.426289 0.113402 0.057732
3 0.405154 0.363144 0.130584 0.172680
3 0.837114 0.376804 0.123712 0.188660
1 0.668901 0.302062 0.118556 0.064948
0 0.600688 0.493299 0.072165 0.046392
0 0.666323 0.469588 0.024743 0.110309
0 0.624055 0.370103 0.026804 0.173196
0 0.753952 0.306959 0.126461 0.058247
0 0.755670 0.434021 0.118901 0.060825
4 0.712886 0.434536 0.121306 0.070103
