4 0.105842 0.455670 0.054983 0.056701
4 0.108763 0.325773 0.060824 0.050515
4 0.132302 0.322165 0.116838 0.049485
4 0.135223 0.451546 0.115807 0.050515
0 0.106186 0.455670 0.054295 0.056701
0 0.107217 0.325258 0.062543 0.052577
0 0.180240 0.390464 0.029897 0.182990
0 0.301031 0.319330 0.120962 0.043814
0 0.299484 0.443557 0.118556 0.057216
6 0.281615 0.386856 0.075945 0.186082
3 0.382302 0.380412 0.128866 0.168041
3 0.844158 0.386598 0.119931 0.185567
5 0.763402 0.381701 0.046392 0.181959
6 0.696907 0.381959 0.080412 0.183505
1 0.588144 0.318041 0.113059 0.065979
2 0.629209 0.447680 0.042611 0.167526
0 0.604811 0.511340 0.065292 0.041237
0 0.627491 0.360052 0.035739 0.139691
0 0.561684 0.318041 0.060824 0.062887
0 0.762887 0.319845 0.123712 0.052062
0 0.761684 0.447423 0.115807 0.053608
