3 0.384708 0.382732 0.126117 0.165464
6 0.281787 0.386856 0.081100 0.178866
0 0.328007 0.318041 0.082818 0.046392
0 0.303608 0.447165 0.107560 0.041753
0 0.284021 0.319330 0.071821 0.040722
0 0.180413 0.384794 0.031615 0.169588
4 0.131615 0.323711 0.116838 0.057732
0 0.102405 0.326546 0.046048 0.058247
0 0.108935 0.455670 0.059106 0.047423
4 0.134364 0.449227 0.117526 0.063402
0 0.567354 0.318041 0.051547 0.054639
0 0.629553 0.367010 0.026117 0.157732
0 0.605326 0.509021 0.067697 0.039691
1 0.589347 0.317526 0.114089 0.064948
2 0.629382 0.446649 0.039519 0.167526
6 0.697766 0.385309 0.080069 0.186082
4 0.762543 0.385567 0.042611 0.184536
0 0.762199 0.318814 0.118901 0.045876
0 0.760825 0.452062 0.116151 0.051546
3 0.842268 0.385052 0.125773 0.189691
