3 0.382130 0.376289 0.124398 0.172165
4 0.210310 0.309794 0.116151 0.054639
0 0.175945 0.411856 0.020619 0.101031
0 0.177663 0.377577 0.031615 0.170619
0 0.098797 0.306701 0.038831 0.046392
6 0.130069 0.284021 0.119244 0.114433
6 0.280413 0.377835 0.081787 0.175258
0 0.297422 0.313144 0.117182 0.051031
0 0.300172 0.438918 0.110310 0.047938
3 0.851031 0.390206 0.119931 0.192784
0 0.617869 0.318814 0.072165 0.041753
0 0.572165 0.321649 0.059106 0.042268
0 0.635223 0.372423 0.031272 0.143814
0 0.615292 0.511340 0.069072 0.041237
2 0.635911 0.445876 0.040206 0.172165
6 0.704811 0.392010 0.081787 0.186082
5 0.729038 0.445103 0.124055 0.063402
0 0.772509 0.320103 0.111340 0.047423
0 0.771306 0.449742 0.103437 0.059278
4 0.770962 0.388918 0.045017 0.177835
