0 0.175086 0.425773 0.029209 0.104124
0 0.178007 0.392010 0.028866 0.168557
0 0.189519 0.454639 0.062199 0.052577
0 0.320447 0.448969 0.082130 0.041237
0 0.301890 0.324485 0.110310 0.041753
0 0.302405 0.449227 0.116838 0.050000
6 0.281100 0.388402 0.077663 0.176804
3 0.382474 0.385825 0.127148 0.168557
5 0.132474 0.325773 0.116495 0.061856
0 0.105842 0.331443 0.059794 0.055670
0 0.572337 0.319845 0.068385 0.052062
0 0.614605 0.317268 0.063574 0.047938
0 0.632474 0.367010 0.031272 0.134021
0 0.612371 0.506959 0.070103 0.045876
0 0.768213 0.314691 0.115121 0.054124
0 0.765292 0.443814 0.115464 0.057732
6 0.700859 0.379124 0.079381 0.194330
1 0.686770 0.312371 0.113745 0.065979
4 0.767869 0.385567 0.045705 0.181443
3 0.850688 0.391495 0.121306 0.195361
