3 0.383677 0.376546 0.131615 0.171649
0 0.303264 0.312629 0.116495 0.048969
0 0.303093 0.440206 0.116838 0.045361
7 0.240035 0.375773 0.091753 0.182474
0 0.178866 0.371134 0.030584 0.157732
0 0.096907 0.478866 0.029553 0.096907
0 0.117011 0.318557 0.063574 0.045361
5 0.132131 0.311082 0.119244 0.058247
6 0.133333 0.409536 0.121649 0.123196
3 0.837973 0.395361 0.120619 0.198969
8 0.584708 0.321649 0.118556 0.064948
4 0.757389 0.391753 0.041237 0.176289
6 0.607560 0.451546 0.074227 0.186598
0 0.628007 0.369330 0.029209 0.138660
0 0.673712 0.359021 0.028522 0.099485
0 0.671306 0.361856 0.025086 0.105155
4 0.628007 0.380155 0.120619 0.061340
0 0.758935 0.325773 0.125429 0.037113
0 0.756701 0.453351 0.120962 0.055155
