0 0.326288 0.296907 0.108935 0.057732
0 0.320447 0.423196 0.116495 0.064948
0 0.203780 0.355670 0.031615 0.175258
2 0.242955 0.294072 0.113402 0.071649
8 0.239519 0.418814 0.113402 0.065464
3 0.405498 0.368557 0.123024 0.184536
3 0.837973 0.369845 0.120619 0.186082
1 0.627663 0.434536 0.042956 0.177320
0 0.598453 0.495103 0.064261 0.042784
0 0.665979 0.467010 0.032302 0.102062
0 0.624571 0.372938 0.032646 0.159278
0 0.667354 0.341237 0.031615 0.102062
0 0.756185 0.304124 0.128866 0.046392
0 0.760825 0.433505 0.112715 0.057732
4 0.716151 0.432990 0.114777 0.064948
5 0.715808 0.304124 0.120275 0.063918
