4 0.132131 0.447165 0.122680 0.062371
0 0.177319 0.386340 0.033677 0.177835
0 0.114089 0.452835 0.073539 0.051031
0 0.295532 0.323196 0.123712 0.039175
0 0.299656 0.448454 0.115464 0.045361
7 0.110137 0.303093 0.161168 0.107216
0 0.111512 0.333247 0.062886 0.047938
6 0.279897 0.387629 0.079381 0.175258
3 0.383505 0.382474 0.127148 0.169072
3 0.842784 0.384536 0.122680 0.181443
5 0.760997 0.381701 0.044330 0.173711
6 0.695361 0.383247 0.079381 0.190206
4 0.629038 0.448711 0.040206 0.166495
1 0.587629 0.315722 0.112715 0.064433
0 0.564433 0.319588 0.055327 0.060825
0 0.628866 0.368814 0.035051 0.161340
0 0.606357 0.506701 0.069760 0.042268
0 0.761856 0.318814 0.116151 0.047938
0 0.759966 0.449227 0.113745 0.054124
