3 0.387972 0.373711 0.123024 0.177320
4 0.136082 0.299742 0.120275 0.065464
4 0.215636 0.431443 0.113745 0.064948
8 0.135051 0.426031 0.118901 0.064433
0 0.097595 0.461340 0.030928 0.104124
0 0.184536 0.370876 0.031615 0.161340
0 0.303093 0.434794 0.118901 0.047938
0 0.305327 0.308763 0.110996 0.047423
6 0.281272 0.373711 0.082130 0.185567
5 0.714090 0.310309 0.120275 0.070103
4 0.582130 0.304639 0.117526 0.070103
4 0.709966 0.435567 0.120275 0.064948
1 0.623367 0.437371 0.039176 0.174742
0 0.598453 0.497165 0.067697 0.045876
0 0.620618 0.357474 0.037801 0.159278
0 0.667354 0.340464 0.028178 0.105670
0 0.752578 0.310567 0.121649 0.062371
0 0.756529 0.437629 0.108935 0.057732
0 0.665121 0.470876 0.027148 0.098454
3 0.835395 0.373969 0.121649 0.182990
