0 0.179381 0.379897 0.035051 0.173196
0 0.305327 0.450258 0.107560 0.043814
0 0.301890 0.318041 0.112371 0.052577
0 0.108247 0.450515 0.058419 0.046392
4 0.132131 0.445103 0.119244 0.063402
4 0.215979 0.317268 0.113059 0.056186
2 0.301890 0.384021 0.044330 0.172165
3 0.383849 0.385825 0.126461 0.176804
3 0.846735 0.387371 0.125086 0.190206
0 0.766666 0.321134 0.114777 0.046392
0 0.767182 0.451289 0.119244 0.050000
0 0.631787 0.389433 0.030584 0.169588
0 0.566666 0.327320 0.061856 0.042268
5 0.591066 0.323711 0.117526 0.055670
6 0.699141 0.385825 0.082818 0.187113
