3 0.383333 0.384278 0.126804 0.167526
2 0.130756 0.444072 0.118556 0.064433
0 0.176976 0.384536 0.029553 0.184536
0 0.305670 0.450773 0.108247 0.043814
0 0.311340 0.321134 0.103780 0.041237
4 0.215636 0.318041 0.108935 0.059794
7 0.277492 0.379381 0.084193 0.177320
1 0.590893 0.325258 0.115807 0.057732
4 0.677319 0.452062 0.117526 0.059794
4 0.765120 0.387629 0.046392 0.169072
0 0.632131 0.389948 0.034021 0.178866
0 0.763058 0.325773 0.120619 0.042268
0 0.766151 0.451031 0.117182 0.053608
3 0.845533 0.385309 0.122680 0.186082
