0 0.099312 0.464433 0.029553 0.100000
0 0.109794 0.305155 0.045705 0.049485
0 0.186770 0.374742 0.030584 0.168041
0 0.310138 0.309021 0.111684 0.044845
0 0.306185 0.435567 0.109279 0.056701
4 0.137629 0.303093 0.115121 0.059794
8 0.220446 0.433247 0.116495 0.067526
3 0.388488 0.372680 0.125429 0.172165
3 0.837973 0.379897 0.123368 0.187629
4 0.583161 0.307732 0.115464 0.061856
4 0.713059 0.439175 0.116151 0.063918
1 0.623540 0.436340 0.040206 0.167526
0 0.595704 0.497165 0.056014 0.048969
0 0.625429 0.369330 0.030928 0.169588
0 0.667698 0.342784 0.023367 0.107216
0 0.664089 0.470876 0.027148 0.104639
0 0.760138 0.437887 0.110653 0.072680
0 0.756529 0.316753 0.110996 0.068557
5 0.712199 0.308505 0.122680 0.066495
