8 0.136598 0.428608 0.115121 0.062371
0 0.099312 0.464691 0.029553 0.097423
0 0.184193 0.371134 0.026804 0.157732
4 0.139519 0.298969 0.114777 0.067010
0 0.112199 0.301031 0.060824 0.063918
0 0.306873 0.309278 0.120962 0.046392
0 0.304468 0.432990 0.114089 0.047423
6 0.285224 0.373454 0.077663 0.177835
3 0.388831 0.375258 0.126117 0.185567
3 0.837800 0.378093 0.120275 0.191237
4 0.583849 0.307732 0.117526 0.064948
4 0.712543 0.437887 0.121993 0.063402
1 0.624227 0.438660 0.042956 0.175258
0 0.625086 0.363144 0.030241 0.164433
0 0.600688 0.498196 0.063918 0.047938
0 0.666151 0.472423 0.027835 0.095361
0 0.668213 0.346649 0.024399 0.097423
0 0.753093 0.312887 0.129553 0.050515
0 0.759450 0.438402 0.104468 0.062371
5 0.714261 0.311340 0.116495 0.069072
