3 0.388488 0.372165 0.121993 0.172165
0 0.308591 0.312371 0.107217 0.049485
0 0.309622 0.436082 0.105154 0.050515
0 0.185224 0.373711 0.032302 0.163918
0 0.098626 0.462629 0.029553 0.096392
0 0.107217 0.305412 0.041925 0.052062
4 0.136426 0.297938 0.116151 0.061856
8 0.138831 0.428866 0.124398 0.064948
5 0.714090 0.307732 0.120275 0.061856
4 0.712886 0.437887 0.121306 0.066495
4 0.583505 0.307216 0.116838 0.064948
1 0.624055 0.435309 0.042611 0.173711
0 0.555842 0.309536 0.053952 0.058247
0 0.623196 0.366495 0.031959 0.169072
0 0.598969 0.497423 0.067354 0.046392
0 0.664433 0.473196 0.031272 0.096907
0 0.667698 0.345876 0.030241 0.098969
0 0.753780 0.307216 0.119244 0.050515
0 0.759794 0.438402 0.110653 0.056186
3 0.837973 0.375773 0.119931 0.179381
