3 0.402406 0.365464 0.127148 0.183505
0 0.324398 0.301289 0.117526 0.071649
0 0.319588 0.426031 0.109965 0.072680
2 0.242612 0.295361 0.114089 0.072165
8 0.237973 0.419330 0.113059 0.074742
0 0.200859 0.354639 0.035395 0.187629
3 0.835395 0.371649 0.125773 0.190722
0 0.562371 0.310567 0.069072 0.047938
0 0.603437 0.494588 0.071477 0.046907
0 0.623711 0.374227 0.038488 0.161856
0 0.666667 0.467010 0.028866 0.102062
0 0.665636 0.338660 0.029553 0.098969
0 0.755670 0.306959 0.126461 0.052062
0 0.757732 0.432216 0.120275 0.061340
1 0.625429 0.432990 0.041925 0.174227
5 0.714090 0.303608 0.120275 0.064948
4 0.712199 0.432216 0.119244 0.068557
