3 0.404639 0.365464 0.122680 0.180412
2 0.242096 0.290722 0.115121 0.070103
8 0.238660 0.421134 0.115121 0.072165
0 0.203952 0.359021 0.033334 0.176804
0 0.325945 0.303866 0.115121 0.069588
0 0.323024 0.423969 0.107904 0.068557
0 0.672852 0.342526 0.026804 0.101546
0 0.666323 0.472680 0.019244 0.095876
0 0.602406 0.496907 0.072165 0.046392
0 0.628694 0.366495 0.027835 0.172165
0 0.766323 0.439948 0.104468 0.062371
0 0.760138 0.313144 0.117526 0.057216
5 0.714261 0.303351 0.124055 0.067526
4 0.712543 0.435052 0.121993 0.067010
3 0.840722 0.377835 0.118556 0.191753
4 0.589347 0.304639 0.110653 0.070103
