3 0.383333 0.375258 0.124055 0.175258
0 0.309450 0.315206 0.112371 0.045876
0 0.302062 0.439948 0.114089 0.051031
7 0.236255 0.374485 0.092440 0.179897
5 0.132131 0.310567 0.119244 0.059278
0 0.113574 0.318814 0.070446 0.041753
0 0.180756 0.376031 0.032302 0.165464
0 0.098453 0.480412 0.026461 0.100000
6 0.131272 0.408247 0.126461 0.117526
3 0.829554 0.374485 0.117526 0.187113
0 0.744846 0.306701 0.125429 0.040206
0 0.745532 0.433763 0.125429 0.050000
4 0.703437 0.371392 0.042611 0.170619
0 0.662886 0.341495 0.020619 0.098454
0 0.659794 0.342526 0.023367 0.093299
4 0.619416 0.366753 0.116495 0.057216
6 0.596735 0.432990 0.073196 0.174227
0 0.618041 0.360567 0.029209 0.159278
6 0.576632 0.271392 0.116838 0.117010
