3 0.405842 0.362887 0.123712 0.176289
2 0.242096 0.291237 0.113059 0.063918
8 0.239691 0.418299 0.113059 0.066495
0 0.325773 0.300515 0.118901 0.061856
0 0.321478 0.424227 0.121993 0.057732
0 0.203780 0.356443 0.032989 0.181959
0 0.667010 0.341753 0.028866 0.095876
0 0.624914 0.369845 0.034021 0.159278
0 0.604639 0.495619 0.066323 0.043814
0 0.667698 0.465464 0.025430 0.102062
0 0.756873 0.308247 0.125429 0.041237
0 0.757732 0.431443 0.113402 0.050515
1 0.624571 0.432474 0.042268 0.171134
4 0.715635 0.431443 0.115807 0.058763
3 0.840206 0.371907 0.120962 0.190206
