3 0.381959 0.386856 0.128179 0.181959
0 0.296220 0.322165 0.123712 0.046392
0 0.297594 0.444845 0.119587 0.054639
0 0.118041 0.445619 0.064949 0.041753
0 0.175429 0.387887 0.040893 0.155155
4 0.168213 0.382474 0.050515 0.169072
2 0.300000 0.383505 0.039176 0.169072
8 0.257904 0.385052 0.040206 0.167010
6 0.696735 0.384021 0.080069 0.184536
5 0.762199 0.383247 0.043986 0.178866
0 0.628007 0.380155 0.029209 0.181959
0 0.564433 0.316753 0.055327 0.057216
1 0.589347 0.314175 0.112715 0.070619
1 0.765292 0.317010 0.116151 0.046392
1 0.761169 0.447165 0.114777 0.051031
3 0.840206 0.381701 0.123024 0.193299
