14 0.248828 0.713194 0.485156 0.081944
1 0.380860 0.349306 0.141406 0.229167
11 0.286719 0.351389 0.045312 0.219444
0 0.289453 0.434722 0.125781 0.041667
0 0.292187 0.267361 0.118750 0.048611
4 0.092969 0.259722 0.135937 0.072222
2 0.092188 0.345139 0.132812 0.076389
0 0.079687 0.525000 0.090625 0.052778
0 0.053516 0.341667 0.025781 0.227778
10 0.159375 0.419444 0.195312 0.105556
10 0.836328 0.352778 0.133594 0.252778
3 0.689844 0.278472 0.131250 0.076389
11 0.536328 0.368056 0.041406 0.227778
0 0.558594 0.456944 0.078125 0.052778
0 0.680859 0.497917 0.028907 0.129167
0 0.792188 0.456250 0.146875 0.043056
0 0.584375 0.279167 0.123438 0.047222
0 0.792188 0.277083 0.132812 0.051389
1 0.904297 0.363889 0.169531 0.252778
14 0.750000 0.727083 0.490625 0.137500
