14 0.250000 0.716667 0.495312 0.094444
1 0.381250 0.349306 0.140625 0.229167
11 0.288281 0.348611 0.043750 0.222222
4 0.093359 0.257639 0.132031 0.070833
2 0.092578 0.340278 0.135157 0.075000
0 0.077344 0.524306 0.073438 0.059722
0 0.054688 0.343750 0.028125 0.229167
10 0.159375 0.420833 0.189062 0.111111
0 0.296875 0.265278 0.128125 0.052778
14 0.750390 0.729861 0.494531 0.131944
1 0.907422 0.363889 0.175781 0.250000
3 0.791797 0.359722 0.049218 0.233333
3 0.638281 0.450000 0.132812 0.072222
11 0.536719 0.364583 0.043750 0.226389
9 0.687890 0.320833 0.139844 0.150000
0 0.683594 0.489583 0.031250 0.140278
0 0.787500 0.455556 0.140625 0.052778
0 0.584766 0.275694 0.128906 0.045833
0 0.557422 0.452083 0.082031 0.045833
