1 0.380860 0.349306 0.139844 0.237500
8 0.186328 0.472917 0.142969 0.145833
5 0.230469 0.342361 0.048438 0.229167
12 0.183203 0.259722 0.144531 0.077778
2 0.127344 0.338889 0.045312 0.230556
0 0.283984 0.436111 0.135157 0.052778
0 0.281250 0.263889 0.137500 0.055556
14 0.248438 0.715278 0.493750 0.100000
14 0.749219 0.731250 0.493750 0.137500
0 0.581641 0.266667 0.124219 0.041667
0 0.717578 0.436806 0.078906 0.043056
0 0.556640 0.437500 0.074219 0.038889
3 0.535547 0.346528 0.041406 0.223611
9 0.635157 0.484028 0.135937 0.154167
4 0.738672 0.349306 0.047656 0.226389
10 0.826562 0.209722 0.198437 0.177778
3 0.789844 0.349306 0.046875 0.243056
1 0.904297 0.347917 0.178906 0.256944
