14 0.248828 0.711111 0.491406 0.083333
1 0.381250 0.350000 0.140625 0.227778
6 0.287110 0.345139 0.042969 0.215278
5 0.191406 0.255556 0.132812 0.077778
10 0.159375 0.415972 0.189062 0.101389
0 0.146093 0.338194 0.025000 0.201389
0 0.054297 0.331250 0.022656 0.170833
8 0.060157 0.425694 0.106250 0.240278
0 0.287110 0.436111 0.136719 0.052778
0 0.290235 0.263889 0.125781 0.063889
1 0.904297 0.345833 0.174219 0.250000
4 0.735547 0.358333 0.046094 0.230556
2 0.790625 0.350000 0.046875 0.238889
0 0.679688 0.230556 0.028125 0.127778
0 0.658984 0.270833 0.077344 0.041667
0 0.579688 0.275694 0.121875 0.043056
0 0.683594 0.490972 0.025000 0.129167
11 0.633594 0.447222 0.126562 0.075000
3 0.533203 0.362500 0.039843 0.227778
0 0.552344 0.449306 0.075000 0.054167
14 0.749610 0.728472 0.489844 0.134722
