1 0.378516 0.347917 0.139844 0.231944
10 0.190235 0.327778 0.124219 0.258333
8 0.186328 0.475694 0.141406 0.137500
0 0.283593 0.435417 0.139063 0.056944
0 0.284766 0.270139 0.125781 0.062500
14 0.248438 0.715278 0.492188 0.091667
14 0.750390 0.729167 0.488281 0.133333
1 0.901953 0.340972 0.171094 0.234722
3 0.792188 0.339583 0.043750 0.234722
4 0.740625 0.344444 0.042188 0.233333
2 0.585547 0.260417 0.130468 0.073611
0 0.684766 0.220833 0.024219 0.136111
0 0.557422 0.436111 0.077344 0.044444
9 0.637891 0.479167 0.135157 0.152778
