0 0.285156 0.436111 0.125000 0.055556
0 0.285938 0.265278 0.126562 0.058333
2 0.187500 0.434028 0.128125 0.073611
10 0.157031 0.215278 0.187500 0.169444
0 0.145703 0.355556 0.033593 0.219444
1 0.377343 0.351389 0.137500 0.233333
14 0.248828 0.715972 0.488281 0.098611
14 0.747266 0.725694 0.485156 0.137500
1 0.905860 0.338889 0.175781 0.241667
5 0.792578 0.340972 0.050781 0.226389
3 0.690234 0.252083 0.132031 0.073611
6 0.539062 0.347222 0.043750 0.225000
0 0.789062 0.435417 0.135937 0.054167
0 0.586328 0.258333 0.130468 0.041667
0 0.557422 0.431250 0.074219 0.051389
