14 0.248047 0.718750 0.489844 0.093056
1 0.380078 0.348611 0.138281 0.213889
3 0.287500 0.347222 0.042188 0.216667
5 0.191797 0.258333 0.128906 0.083333
8 0.058985 0.434722 0.108594 0.236111
9 0.189453 0.477083 0.139844 0.145833
0 0.052734 0.338889 0.024219 0.183333
0 0.148047 0.344444 0.027344 0.213889
0 0.290625 0.433333 0.128125 0.050000
1 0.901563 0.347917 0.181250 0.240278
4 0.735938 0.354861 0.048438 0.229167
2 0.786719 0.352778 0.050000 0.230556
0 0.658203 0.268056 0.077344 0.050000
0 0.678125 0.230556 0.025000 0.136111
3 0.533594 0.363889 0.043750 0.225000
0 0.681250 0.486111 0.034375 0.122222
11 0.634375 0.447222 0.131250 0.066667
0 0.582031 0.275694 0.132812 0.048611
14 0.748828 0.727778 0.488281 0.133333
