0 0.287500 0.439583 0.123438 0.062500
0 0.287500 0.265972 0.125000 0.059722
12 0.186328 0.268056 0.128906 0.077778
2 0.189062 0.438194 0.129688 0.073611
0 0.143360 0.348611 0.030468 0.238889
1 0.380469 0.349306 0.142187 0.231944
14 0.249219 0.716667 0.492188 0.097222
14 0.749219 0.731944 0.489063 0.130556
5 0.586719 0.343750 0.040625 0.229167
12 0.689063 0.254167 0.137500 0.077778
3 0.791797 0.345833 0.050781 0.236111
1 0.906250 0.343750 0.176563 0.245833
0 0.790234 0.436806 0.141406 0.056944
0 0.560937 0.432639 0.073438 0.056944
0 0.587109 0.260417 0.122656 0.045833
0 0.796094 0.255556 0.128125 0.047222
