0 0.052734 0.350000 0.024219 0.208333
0 0.147265 0.347917 0.027344 0.206944
0 0.075000 0.525000 0.071875 0.044444
0 0.293750 0.431944 0.120313 0.036111
0 0.291015 0.262500 0.116406 0.041667
1 0.378906 0.343750 0.140625 0.231944
14 0.248047 0.716667 0.491406 0.094444
14 0.748047 0.729167 0.485156 0.130556
1 0.905860 0.354861 0.180469 0.237500
12 0.792188 0.359722 0.053125 0.233333
3 0.690625 0.275000 0.137500 0.066667
2 0.539453 0.370139 0.044532 0.223611
5 0.640625 0.450000 0.131250 0.066667
0 0.683594 0.502083 0.025000 0.126389
0 0.793359 0.452778 0.141406 0.044444
0 0.586719 0.280556 0.129688 0.033333
0 0.558203 0.457639 0.080469 0.043056
