2 0.042188 0.348611 0.040625 0.225000
12 0.189453 0.261806 0.128906 0.079167
0 0.075781 0.522917 0.073438 0.051389
10 0.305078 0.335417 0.096094 0.256944
10 0.158203 0.422222 0.185156 0.116667
1 0.398438 0.347222 0.104688 0.241667
14 0.250000 0.715278 0.495312 0.100000
14 0.746875 0.722222 0.490625 0.130556
3 0.531250 0.356944 0.040625 0.225000
11 0.633203 0.443750 0.132031 0.070833
5 0.687500 0.255556 0.137500 0.072222
4 0.734765 0.351389 0.041406 0.233333
2 0.784766 0.353472 0.047656 0.234722
0 0.678125 0.229167 0.028125 0.116667
0 0.583593 0.270139 0.134375 0.045833
0 0.678125 0.496528 0.023438 0.118056
1 0.900781 0.352778 0.173437 0.244444
