0 0.072265 0.519444 0.072656 0.052778
0 0.048438 0.346528 0.021875 0.229167
0 0.141406 0.349306 0.028125 0.218056
5 0.091015 0.259722 0.133594 0.077778
6 0.187110 0.431250 0.132031 0.068056
11 0.284375 0.349306 0.042188 0.229167
0 0.288281 0.432639 0.123438 0.054167
0 0.288281 0.267361 0.117188 0.048611
1 0.375391 0.351389 0.139844 0.230556
14 0.248828 0.715972 0.491406 0.090278
14 0.748828 0.729167 0.488281 0.133333
2 0.535937 0.361806 0.040625 0.229167
3 0.689063 0.269444 0.131250 0.069444
8 0.637891 0.494444 0.136719 0.152778
12 0.792188 0.359722 0.046875 0.233333
1 0.905860 0.355556 0.175781 0.250000
0 0.789062 0.450000 0.137500 0.050000
0 0.583593 0.274306 0.129688 0.045833
0 0.792578 0.264583 0.127344 0.065278
