14 0.248047 0.715278 0.489844 0.091667
1 0.376563 0.350000 0.143750 0.230556
4 0.284375 0.346528 0.042188 0.215278
6 0.188281 0.433333 0.132812 0.066667
0 0.074609 0.522917 0.074219 0.051389
0 0.289844 0.265278 0.120313 0.047222
0 0.289453 0.436111 0.124219 0.055556
0 0.146484 0.343750 0.025781 0.234722
0 0.051562 0.347222 0.028125 0.213889
7 0.091406 0.215278 0.135937 0.147222
1 0.906250 0.358333 0.178125 0.241667
12 0.792188 0.360417 0.050000 0.231944
3 0.690234 0.273611 0.132031 0.072222
2 0.539062 0.372222 0.045312 0.230556
5 0.637891 0.452778 0.132031 0.066667
0 0.686719 0.495833 0.028125 0.136111
0 0.792969 0.452083 0.142187 0.045833
0 0.584375 0.281944 0.123438 0.044444
0 0.791015 0.269444 0.136719 0.047222
14 0.749219 0.728472 0.489063 0.137500
