14 0.248828 0.713194 0.491406 0.093056
1 0.379297 0.351389 0.141406 0.225000
12 0.183594 0.261806 0.135937 0.073611
2 0.127344 0.339583 0.042188 0.229167
8 0.187500 0.476389 0.137500 0.150000
0 0.289062 0.435417 0.131250 0.043056
0 0.286719 0.265278 0.128125 0.055556
14 0.750390 0.725694 0.488281 0.131944
1 0.904687 0.336806 0.173437 0.265278
2 0.800391 0.247222 0.144531 0.075000
4 0.737109 0.346528 0.046094 0.226389
3 0.790234 0.340278 0.047656 0.230556
0 0.680469 0.224306 0.023438 0.131944
0 0.578515 0.267361 0.121094 0.034722
3 0.535156 0.352778 0.042188 0.219444
9 0.635547 0.483333 0.135157 0.152778
0 0.553125 0.436111 0.076563 0.044444
