14 0.249610 0.718056 0.494531 0.100000
1 0.378906 0.347222 0.140625 0.236111
3 0.286719 0.347917 0.043750 0.231944
5 0.190235 0.261806 0.132031 0.081944
2 0.091406 0.342361 0.131250 0.073611
0 0.075781 0.517361 0.075000 0.048611
10 0.159766 0.420139 0.189844 0.104167
0 0.051953 0.350694 0.024219 0.215278
14 0.749219 0.727778 0.490625 0.136111
1 0.902344 0.349306 0.182812 0.240278
2 0.788281 0.354167 0.046875 0.230556
3 0.534766 0.363889 0.046094 0.230556
11 0.635938 0.445833 0.135937 0.072222
4 0.737891 0.352083 0.047656 0.240278
0 0.680469 0.231250 0.026562 0.118056
0 0.657422 0.271528 0.082031 0.054167
0 0.682422 0.493056 0.028907 0.125000
0 0.582031 0.277083 0.128125 0.045833
