14 0.246484 0.721528 0.488281 0.106944
1 0.358984 0.347222 0.186719 0.227778
10 0.302344 0.336111 0.095312 0.250000
12 0.187110 0.259028 0.130468 0.079167
2 0.039453 0.342361 0.041406 0.226389
0 0.073438 0.518056 0.076563 0.047222
0 0.143750 0.343056 0.026562 0.241667
0 0.283593 0.434028 0.121875 0.051389
10 0.154688 0.415972 0.189062 0.115278
0 0.674609 0.490278 0.028907 0.138889
0 0.676172 0.227083 0.027344 0.126389
0 0.580469 0.270139 0.123438 0.040278
3 0.530469 0.356250 0.040625 0.226389
0 0.549609 0.445833 0.075781 0.044444
11 0.630468 0.441667 0.128125 0.069444
5 0.686719 0.257639 0.139063 0.073611
4 0.733594 0.354167 0.045312 0.236111
2 0.783984 0.355556 0.047656 0.236111
0 0.778906 0.441667 0.140625 0.055556
0 0.782422 0.261111 0.138281 0.058333
1 0.899219 0.352083 0.176563 0.245833
14 0.749610 0.727778 0.489844 0.138889
