14 0.249219 0.718056 0.489063 0.091667
3 0.287110 0.349306 0.046094 0.220833
2 0.094141 0.345139 0.133594 0.070833
5 0.191406 0.259722 0.129688 0.072222
0 0.077344 0.519444 0.073438 0.044444
0 0.053125 0.348611 0.026562 0.205556
1 0.382422 0.348611 0.142969 0.227778
10 0.160547 0.422222 0.194531 0.119444
14 0.750781 0.729861 0.490625 0.131944
1 0.907422 0.363889 0.177343 0.244444
2 0.792578 0.365972 0.049218 0.231944
9 0.689844 0.321528 0.140625 0.151389
11 0.637500 0.452778 0.131250 0.072222
0 0.591797 0.281944 0.127344 0.036111
0 0.559375 0.452083 0.067187 0.043056
0 0.682422 0.497917 0.022656 0.123611
0 0.789062 0.452778 0.140625 0.044444
