0 0.075000 0.518750 0.075000 0.051389
0 0.293750 0.436111 0.118750 0.041667
0 0.292969 0.262500 0.120313 0.047222
0 0.143750 0.341667 0.034375 0.216667
0 0.054297 0.355556 0.025781 0.205556
7 0.092969 0.221528 0.142187 0.151389
4 0.285938 0.347917 0.043750 0.223611
1 0.380469 0.344444 0.146875 0.241667
14 0.248828 0.718056 0.492969 0.094444
14 0.750000 0.733333 0.490625 0.133333
1 0.906640 0.359722 0.174219 0.238889
12 0.794531 0.363889 0.050000 0.227778
3 0.691406 0.277778 0.134375 0.066667
2 0.538281 0.370139 0.043750 0.220833
5 0.640235 0.452778 0.128906 0.069444
0 0.683203 0.488889 0.030468 0.122222
0 0.792578 0.454861 0.138281 0.048611
0 0.586328 0.284028 0.122656 0.045833
0 0.561328 0.455556 0.078906 0.050000
