14 0.250781 0.719444 0.493750 0.097222
1 0.376953 0.352083 0.141406 0.223611
4 0.283203 0.351389 0.047656 0.225000
6 0.187500 0.431944 0.131250 0.066667
11 0.040234 0.437500 0.044532 0.225000
5 0.092578 0.258333 0.133594 0.069444
0 0.064844 0.518750 0.089063 0.048611
0 0.143360 0.345139 0.033593 0.229167
0 0.294922 0.265278 0.124219 0.044444
0 0.290235 0.433333 0.122656 0.061111
14 0.750781 0.731944 0.492188 0.130556
1 0.904297 0.356250 0.175781 0.237500
2 0.536719 0.362500 0.043750 0.230556
3 0.689453 0.270139 0.133594 0.073611
8 0.637891 0.494444 0.138281 0.158333
12 0.791015 0.360417 0.047656 0.234722
0 0.789453 0.450000 0.139844 0.055556
0 0.587500 0.275000 0.128125 0.044444
0 0.556640 0.445833 0.078906 0.044444
