1 0.379688 0.351389 0.137500 0.230556
8 0.189453 0.477083 0.136719 0.143056
9 0.188672 0.302778 0.133594 0.150000
0 0.285547 0.267361 0.138281 0.054167
0 0.290235 0.438194 0.127344 0.059722
0 0.140625 0.358333 0.031250 0.211111
14 0.249219 0.715278 0.490625 0.094444
14 0.750390 0.730556 0.491406 0.130556
1 0.906250 0.342361 0.176563 0.231944
5 0.791015 0.345139 0.047656 0.226389
3 0.637891 0.432639 0.127344 0.068056
3 0.536719 0.347917 0.040625 0.220833
7 0.689844 0.300000 0.137500 0.150000
0 0.683203 0.478472 0.024219 0.126389
0 0.789062 0.438194 0.140625 0.045833
0 0.586328 0.261806 0.127344 0.037500
0 0.554688 0.434028 0.079687 0.043056
0 0.789453 0.256944 0.128906 0.047222
