14 0.250391 0.721528 0.494531 0.098611
0 0.052344 0.352778 0.025000 0.213889
0 0.077734 0.520139 0.075781 0.059722
0 0.145313 0.345833 0.028125 0.222222
1 0.382031 0.349306 0.142187 0.229167
3 0.286719 0.351389 0.045312 0.230556
8 0.190625 0.478472 0.134375 0.154167
5 0.191016 0.259028 0.128906 0.079167
0 0.658594 0.268056 0.078125 0.041667
0 0.680469 0.226389 0.028125 0.127778
0 0.581641 0.272917 0.124219 0.037500
0 0.682422 0.489583 0.033593 0.134722
0 0.557422 0.450694 0.085156 0.054167
11 0.637109 0.445833 0.128906 0.075000
3 0.534375 0.362500 0.042188 0.225000
4 0.736328 0.354167 0.047656 0.230556
2 0.789062 0.353472 0.051562 0.231944
1 0.903906 0.348611 0.179688 0.247222
14 0.749219 0.728472 0.492188 0.129167
