0 0.148047 0.352083 0.038282 0.209722
0 0.291406 0.263889 0.126562 0.050000
0 0.292187 0.433333 0.118750 0.044444
0 0.174219 0.518750 0.075000 0.043056
0 0.075781 0.520833 0.075000 0.052778
1 0.379688 0.343750 0.139063 0.229167
14 0.251953 0.715972 0.497657 0.098611
14 0.748047 0.725000 0.491406 0.138889
0 0.587109 0.286111 0.122656 0.050000
0 0.562890 0.452778 0.072656 0.036111
0 0.685156 0.498611 0.028125 0.133333
0 0.793359 0.452778 0.139844 0.047222
0 0.791015 0.275000 0.135157 0.047222
1 0.906640 0.358333 0.174219 0.244444
