14 0.248828 0.716667 0.491406 0.094444
1 0.380860 0.349306 0.146093 0.229167
8 0.187500 0.218750 0.135937 0.156944
2 0.188281 0.436111 0.131250 0.072222
0 0.285547 0.439583 0.128906 0.043056
0 0.289062 0.263889 0.129688 0.058333
0 0.142969 0.348611 0.035937 0.216667
5 0.586719 0.342361 0.039062 0.229167
4 0.690625 0.252083 0.134375 0.073611
3 0.792188 0.340278 0.046875 0.230556
0 0.788281 0.434722 0.135937 0.047222
0 0.562890 0.431944 0.075781 0.047222
0 0.586719 0.259028 0.118750 0.040278
0 0.791797 0.256250 0.125781 0.048611
1 0.907422 0.332639 0.172656 0.251389
14 0.749219 0.728472 0.490625 0.134722
