14 0.249219 0.714583 0.489063 0.087500
1 0.380469 0.345833 0.139063 0.222222
12 0.189453 0.261111 0.132031 0.072222
0 0.051562 0.350000 0.025000 0.208333
0 0.073438 0.519444 0.070312 0.047222
0 0.170313 0.519444 0.075000 0.041667
0 0.291406 0.433333 0.117188 0.047222
0 0.286719 0.260417 0.128125 0.051389
0 0.149219 0.345139 0.029687 0.215278
1 0.907813 0.359028 0.173437 0.237500
0 0.685547 0.501389 0.024219 0.127778
0 0.562500 0.456944 0.068750 0.044444
0 0.587109 0.284722 0.119531 0.038889
0 0.791797 0.279861 0.138281 0.034722
0 0.790234 0.454167 0.128906 0.044444
14 0.749219 0.729861 0.487500 0.140278
