14 0.248828 0.718056 0.489844 0.097222
1 0.379688 0.343056 0.140625 0.227778
0 0.298047 0.435417 0.125781 0.051389
0 0.294141 0.261111 0.119531 0.047222
0 0.147656 0.351389 0.023438 0.211111
0 0.175000 0.518056 0.073438 0.044444
0 0.078516 0.521528 0.067969 0.048611
0 0.053125 0.347222 0.018750 0.222222
0 0.684375 0.498611 0.025000 0.125000
0 0.562110 0.456250 0.074219 0.043056
0 0.589453 0.285417 0.122656 0.040278
0 0.791797 0.274306 0.139844 0.040278
0 0.792969 0.450694 0.140625 0.045833
1 0.905469 0.355556 0.175000 0.244444
14 0.748047 0.729861 0.488281 0.134722
