14 0.247265 0.715972 0.489844 0.098611
1 0.379688 0.348611 0.140625 0.233333
5 0.191406 0.261111 0.132812 0.086111
6 0.287110 0.349306 0.046094 0.226389
10 0.160547 0.418056 0.185156 0.108333
8 0.057031 0.431250 0.109375 0.237500
0 0.054297 0.332639 0.024219 0.173611
0 0.143750 0.337500 0.029687 0.233333
1 0.902344 0.347917 0.178125 0.240278
14 0.748437 0.727778 0.490625 0.138889
4 0.736328 0.358333 0.052344 0.230556
2 0.788672 0.355556 0.046094 0.227778
0 0.658984 0.270833 0.075781 0.041667
0 0.679297 0.229167 0.021094 0.125000
0 0.678906 0.486111 0.023438 0.133333
0 0.584375 0.278472 0.125000 0.037500
3 0.533594 0.362500 0.040625 0.225000
11 0.634765 0.444444 0.127344 0.069444
0 0.554688 0.450694 0.076563 0.043056
