14 0.248828 0.717361 0.491406 0.093056
1 0.377343 0.352083 0.137500 0.223611
4 0.284375 0.350694 0.042188 0.220833
6 0.187500 0.436111 0.132812 0.075000
11 0.039843 0.440278 0.043750 0.225000
0 0.064453 0.520833 0.089844 0.047222
0 0.292187 0.270833 0.120313 0.041667
0 0.286328 0.440278 0.121094 0.050000
0 0.144141 0.347917 0.033593 0.223611
7 0.091797 0.220139 0.136719 0.134722
2 0.538281 0.371528 0.042188 0.223611
3 0.690234 0.275000 0.135157 0.063889
5 0.641406 0.454167 0.131250 0.069444
0 0.683203 0.495833 0.030468 0.130556
0 0.586328 0.284722 0.121094 0.041667
0 0.794922 0.270139 0.132031 0.040278
12 0.794141 0.359722 0.049218 0.230556
0 0.793750 0.453472 0.143750 0.043056
0 0.559766 0.459028 0.077344 0.045833
1 0.907422 0.354167 0.178906 0.247222
14 0.750000 0.730556 0.490625 0.130556
