0 0.148438 0.350000 0.029687 0.208333
0 0.050390 0.347917 0.024219 0.212500
0 0.074609 0.520833 0.067969 0.038889
0 0.292969 0.434722 0.115625 0.044444
0 0.291015 0.262500 0.114844 0.044444
4 0.285156 0.345833 0.042188 0.225000
1 0.378516 0.343750 0.139844 0.229167
14 0.248047 0.714583 0.491406 0.087500
14 0.749219 0.727083 0.490625 0.134722
1 0.904687 0.356250 0.178125 0.237500
12 0.792969 0.361111 0.050000 0.230556
3 0.691016 0.277083 0.135157 0.073611
5 0.640235 0.449306 0.128906 0.073611
2 0.538281 0.369444 0.042188 0.225000
0 0.686328 0.495833 0.027344 0.133333
0 0.792188 0.452083 0.139063 0.043056
0 0.792188 0.271528 0.125000 0.045833
0 0.585156 0.282639 0.125000 0.037500
0 0.557813 0.454167 0.076563 0.052778
