0 0.051953 0.350000 0.025781 0.208333
0 0.073828 0.519444 0.067969 0.038889
0 0.279687 0.435417 0.137500 0.062500
0 0.280469 0.265278 0.135937 0.058333
2 0.128516 0.342361 0.042969 0.237500
8 0.185547 0.479861 0.136719 0.145833
12 0.178125 0.256250 0.146875 0.070833
5 0.230078 0.343750 0.047656 0.229167
14 0.248047 0.712500 0.489844 0.088889
14 0.749610 0.728472 0.488281 0.137500
0 0.716797 0.432639 0.083594 0.054167
0 0.685156 0.225000 0.023438 0.127778
0 0.585156 0.268056 0.126562 0.044444
3 0.537110 0.350000 0.041406 0.227778
9 0.635938 0.480556 0.134375 0.152778
0 0.554297 0.435417 0.077344 0.040278
4 0.739843 0.345833 0.046875 0.216667
3 0.791406 0.349306 0.042188 0.231944
10 0.827735 0.201389 0.202344 0.169444
1 0.901563 0.344444 0.181250 0.258333
