14 0.248438 0.714583 0.492188 0.090278
1 0.378516 0.348611 0.144531 0.227778
11 0.283984 0.345833 0.042969 0.219444
5 0.089844 0.260417 0.132812 0.073611
6 0.188281 0.433333 0.132812 0.069444
0 0.076172 0.523611 0.075781 0.052778
0 0.048438 0.343750 0.031250 0.218056
0 0.144531 0.347917 0.028125 0.226389
0 0.292578 0.268056 0.121094 0.047222
0 0.291797 0.431944 0.125781 0.063889
14 0.750390 0.728472 0.486718 0.131944
1 0.904687 0.362500 0.171875 0.241667
2 0.793359 0.364583 0.049218 0.234722
3 0.689063 0.277083 0.134375 0.068056
8 0.638672 0.499306 0.135157 0.151389
11 0.535547 0.370139 0.042969 0.231944
0 0.788672 0.457639 0.132031 0.045833
0 0.793750 0.275694 0.125000 0.048611
0 0.585938 0.281250 0.120313 0.040278
0 0.556640 0.454167 0.080469 0.044444
