0 0.051562 0.348611 0.025000 0.213889
0 0.075390 0.520139 0.072656 0.043056
0 0.146875 0.352083 0.021875 0.206944
0 0.293750 0.265278 0.123438 0.041667
0 0.294141 0.434028 0.116406 0.045833
1 0.379297 0.347917 0.142969 0.231944
14 0.250000 0.718750 0.490625 0.095833
14 0.750390 0.731250 0.488281 0.129167
1 0.904297 0.355556 0.178906 0.230556
12 0.792969 0.359028 0.050000 0.231944
3 0.691016 0.274306 0.133594 0.073611
5 0.640235 0.452083 0.128906 0.070833
0 0.683984 0.501389 0.030468 0.130556
0 0.587109 0.283333 0.121094 0.038889
0 0.562110 0.458333 0.069531 0.044444
0 0.792578 0.451389 0.141406 0.050000
