1 0.376172 0.347917 0.133594 0.223611
6 0.283593 0.346528 0.045312 0.220833
11 0.228125 0.340278 0.045312 0.225000
12 0.178515 0.257639 0.141406 0.068056
2 0.125781 0.335417 0.040625 0.229167
8 0.185938 0.474306 0.137500 0.140278
7 0.056641 0.427778 0.105469 0.247222
0 0.049218 0.312500 0.021875 0.133333
0 0.286328 0.260417 0.127344 0.051389
0 0.282031 0.434028 0.140625 0.056944
14 0.247265 0.713889 0.489844 0.091667
14 0.750000 0.728472 0.490625 0.137500
0 0.716406 0.436806 0.079687 0.045833
0 0.683203 0.226389 0.022656 0.127778
0 0.582422 0.267361 0.125781 0.040278
3 0.535937 0.349306 0.039062 0.229167
0 0.553125 0.435417 0.075000 0.045833
9 0.635157 0.481944 0.135937 0.144444
4 0.738281 0.348611 0.046875 0.222222
3 0.791797 0.347222 0.046094 0.230556
10 0.826172 0.212500 0.197657 0.172222
1 0.903906 0.345139 0.175000 0.254167
