14 0.248828 0.718056 0.491406 0.102778
1 0.381250 0.352083 0.140625 0.226389
12 0.187500 0.263889 0.129688 0.086111
3 0.187110 0.433333 0.128906 0.072222
0 0.143750 0.345833 0.029687 0.230556
0 0.284766 0.437500 0.135157 0.052778
0 0.289453 0.265278 0.130468 0.058333
1 0.902734 0.339583 0.182032 0.251389
3 0.789453 0.343750 0.047656 0.229167
2 0.583203 0.264583 0.128906 0.073611
0 0.558203 0.433333 0.074219 0.041667
0 0.680078 0.481250 0.027344 0.123611
4 0.736328 0.345139 0.046094 0.231944
10 0.704688 0.203472 0.164062 0.181944
14 0.749610 0.729861 0.491406 0.140278
