10 0.307031 0.337500 0.096875 0.250000
1 0.398047 0.350000 0.107031 0.233333
12 0.190235 0.264583 0.128906 0.081944
2 0.041016 0.439583 0.042969 0.229167
0 0.071875 0.522917 0.100000 0.048611
0 0.050781 0.312500 0.028125 0.136111
10 0.158594 0.419444 0.195312 0.108333
0 0.145703 0.345833 0.035156 0.236111
14 0.248438 0.721528 0.492188 0.095833
14 0.749610 0.729861 0.491406 0.126389
1 0.901953 0.351389 0.177343 0.247222
2 0.788281 0.357639 0.051562 0.229167
4 0.737891 0.356250 0.046094 0.237500
5 0.688672 0.256250 0.138281 0.073611
3 0.532813 0.361806 0.046875 0.226389
11 0.634765 0.447917 0.138281 0.073611
0 0.683203 0.489583 0.030468 0.143056
0 0.581250 0.272917 0.129688 0.040278
0 0.682032 0.227083 0.029687 0.123611
0 0.557031 0.453472 0.085938 0.051389
