1 0.378125 0.350694 0.143750 0.226389
0 0.287890 0.442361 0.127344 0.043056
0 0.285547 0.266667 0.122656 0.050000
8 0.184765 0.304861 0.138281 0.148611
2 0.184765 0.437500 0.128906 0.072222
0 0.139844 0.365278 0.039062 0.227778
14 0.249610 0.715972 0.489844 0.093056
1 0.906640 0.343056 0.177343 0.247222
0 0.749219 0.727083 0.493750 0.137500
3 0.792578 0.342361 0.041406 0.237500
4 0.691016 0.252778 0.135157 0.072222
5 0.587109 0.341667 0.041406 0.230556
0 0.560156 0.434028 0.071875 0.045833
0 0.588282 0.261806 0.121875 0.037500
0 0.792578 0.434722 0.139844 0.038889
0 0.794922 0.251389 0.122656 0.044444
