1 0.380469 0.351389 0.140625 0.233333
12 0.189453 0.266667 0.130468 0.086111
8 0.187500 0.481944 0.132812 0.150000
0 0.287110 0.437500 0.127344 0.058333
0 0.287890 0.264583 0.135157 0.062500
0 0.141797 0.340972 0.032031 0.223611
14 0.248828 0.720139 0.491406 0.101389
1 0.905078 0.343056 0.177343 0.241667
14 0.748437 0.729167 0.490625 0.136111
5 0.793750 0.341667 0.043750 0.236111
2 0.590234 0.259722 0.135157 0.075000
0 0.563281 0.433333 0.073438 0.044444
0 0.682422 0.477083 0.027344 0.129167
4 0.741797 0.336806 0.041406 0.245833
0 0.787891 0.436806 0.141406 0.056944
10 0.708593 0.209028 0.167187 0.165278
