14 0.249610 0.718056 0.494531 0.102778
1 0.380078 0.352083 0.139844 0.231944
12 0.188672 0.262500 0.130468 0.080556
3 0.188281 0.434722 0.128125 0.075000
0 0.289453 0.264583 0.128906 0.059722
0 0.287500 0.436111 0.126562 0.058333
0 0.144531 0.355556 0.028125 0.244444
1 0.905860 0.341667 0.177343 0.238889
14 0.749610 0.729167 0.491406 0.136111
0 0.681250 0.479861 0.031250 0.134722
0 0.561719 0.434722 0.076563 0.047222
2 0.587500 0.259028 0.132812 0.079167
10 0.708593 0.207639 0.170313 0.165278
4 0.741016 0.338194 0.046094 0.245833
5 0.793750 0.340972 0.048438 0.226389
