14 0.248047 0.714583 0.489844 0.095833
1 0.379297 0.347222 0.136719 0.233333
0 0.293750 0.435417 0.117188 0.040278
0 0.285547 0.258333 0.122656 0.058333
0 0.050000 0.354861 0.025000 0.212500
0 0.077344 0.524306 0.073438 0.051389
0 0.168750 0.510417 0.085938 0.059722
0 0.135157 0.475000 0.023438 0.127778
5 0.121484 0.339583 0.064844 0.226389
12 0.180078 0.259028 0.139844 0.079167
0 0.685547 0.496528 0.027344 0.131944
0 0.562110 0.456944 0.071094 0.041667
0 0.585938 0.287500 0.118750 0.041667
0 0.791406 0.277778 0.137500 0.041667
0 0.791015 0.452083 0.136719 0.043056
1 0.911719 0.356250 0.165625 0.245833
14 0.749219 0.722222 0.490625 0.125000
