1 0.381640 0.350000 0.144531 0.236111
14 0.249219 0.718056 0.493750 0.094444
11 0.287110 0.346528 0.044532 0.226389
4 0.093750 0.260417 0.134375 0.076389
2 0.093750 0.341667 0.132812 0.066667
10 0.159766 0.417361 0.188281 0.112500
0 0.077344 0.522222 0.071875 0.050000
0 0.053125 0.341667 0.025000 0.233333
0 0.297266 0.265278 0.122656 0.041667
0 0.293359 0.434028 0.124219 0.051389
14 0.749610 0.730556 0.491406 0.130556
3 0.689844 0.276389 0.134375 0.077778
11 0.537891 0.370833 0.042969 0.222222
8 0.639062 0.502083 0.135937 0.151389
0 0.791015 0.459028 0.142969 0.048611
0 0.583985 0.282639 0.127344 0.045833
0 0.557813 0.454167 0.075000 0.047222
10 0.834375 0.356944 0.134375 0.244444
1 0.907813 0.360417 0.175000 0.251389
