14 0.248828 0.715972 0.492969 0.095833
1 0.378906 0.352778 0.140625 0.230556
2 0.185938 0.434028 0.126562 0.073611
10 0.156250 0.219444 0.193750 0.161111
0 0.147265 0.359028 0.027344 0.212500
0 0.286719 0.438889 0.134375 0.061111
0 0.286328 0.264583 0.141406 0.051389
1 0.903906 0.342361 0.175000 0.231944
5 0.792188 0.344444 0.048438 0.230556
6 0.537891 0.348611 0.044532 0.227778
0 0.558984 0.434722 0.075781 0.041667
0 0.790625 0.436111 0.135937 0.052778
0 0.581641 0.259722 0.125781 0.050000
7 0.689063 0.298611 0.135937 0.144444
0 0.794531 0.254861 0.134375 0.045833
14 0.750390 0.727778 0.489844 0.133333
