14 0.248828 0.713889 0.492969 0.094444
1 0.379688 0.351389 0.142187 0.230556
8 0.187890 0.479861 0.135157 0.148611
9 0.187500 0.302778 0.135937 0.163889
0 0.287890 0.436111 0.128906 0.058333
0 0.288281 0.268750 0.125000 0.062500
0 0.135157 0.359722 0.028125 0.244444
0 0.682422 0.480556 0.025781 0.130556
0 0.563672 0.434722 0.072656 0.044444
2 0.587500 0.259028 0.132812 0.079167
4 0.740235 0.336111 0.044532 0.241667
5 0.793750 0.342361 0.045312 0.223611
10 0.711719 0.198611 0.162500 0.188889
1 0.907031 0.340972 0.175000 0.259722
14 0.748437 0.724306 0.487500 0.134722
