14 0.248438 0.713889 0.490625 0.100000
1 0.355469 0.345139 0.184375 0.234722
10 0.302735 0.337500 0.096094 0.244444
12 0.187500 0.256944 0.129688 0.075000
10 0.156640 0.415278 0.194531 0.105556
2 0.037500 0.341667 0.040625 0.230556
0 0.074219 0.517361 0.075000 0.048611
0 0.144141 0.347222 0.032031 0.238889
0 0.284375 0.434028 0.135937 0.056944
14 0.748437 0.730556 0.482812 0.127778
1 0.906250 0.352778 0.176563 0.241667
3 0.791797 0.353472 0.046094 0.229167
3 0.535547 0.347222 0.041406 0.227778
9 0.635938 0.485417 0.135937 0.156944
0 0.717187 0.433333 0.078125 0.052778
0 0.683203 0.218056 0.022656 0.119444
0 0.661718 0.259722 0.075000 0.047222
0 0.583593 0.261111 0.129688 0.044444
4 0.742969 0.345139 0.043750 0.223611
5 0.692578 0.245139 0.136719 0.076389
