14 0.250391 0.717361 0.494531 0.101389
1 0.378125 0.348611 0.143750 0.230556
0 0.049610 0.348611 0.025781 0.208333
0 0.073828 0.521528 0.069531 0.045833
0 0.147656 0.345833 0.028125 0.205556
5 0.233985 0.347917 0.055468 0.215278
0 0.285547 0.430556 0.125781 0.058333
0 0.282031 0.260417 0.125000 0.059722
0 0.683984 0.502778 0.025781 0.133333
0 0.563281 0.457639 0.073438 0.037500
0 0.587890 0.285417 0.116406 0.040278
0 0.792969 0.277083 0.135937 0.034722
0 0.792969 0.455556 0.137500 0.050000
11 0.794922 0.361111 0.039843 0.233333
1 0.904687 0.356944 0.173437 0.244444
14 0.750000 0.728472 0.489063 0.140278
