14 0.248438 0.720833 0.490625 0.097222
1 0.381250 0.350694 0.143750 0.231944
4 0.094141 0.261111 0.133594 0.086111
6 0.192968 0.434028 0.134375 0.081944
0 0.076172 0.519444 0.075781 0.050000
0 0.050390 0.339583 0.027344 0.234722
0 0.148047 0.352083 0.030468 0.234722
0 0.295703 0.265972 0.124219 0.043056
11 0.287110 0.346528 0.046094 0.226389
3 0.689063 0.275694 0.134375 0.068056
8 0.639453 0.501389 0.138281 0.152778
11 0.536328 0.370833 0.039843 0.227778
0 0.790234 0.457639 0.138281 0.043056
0 0.796485 0.277778 0.130468 0.050000
0 0.584766 0.279861 0.122656 0.040278
1 0.906640 0.362500 0.180469 0.244444
14 0.748828 0.725694 0.489844 0.129167
