14 0.248438 0.715972 0.492188 0.098611
1 0.380078 0.350694 0.139844 0.229167
10 0.159375 0.220139 0.189062 0.165278
8 0.188672 0.476389 0.136719 0.144444
0 0.287110 0.438889 0.125781 0.044444
0 0.287890 0.267361 0.121094 0.059722
0 0.144531 0.356250 0.028125 0.226389
14 0.748437 0.728472 0.489063 0.137500
1 0.906250 0.340972 0.179688 0.237500
5 0.792969 0.343056 0.045312 0.230556
3 0.537110 0.348611 0.042969 0.222222
0 0.557422 0.438194 0.078906 0.045833
0 0.582812 0.263194 0.126562 0.040278
0 0.796485 0.257639 0.125781 0.051389
0 0.789453 0.437500 0.136719 0.055556
7 0.688281 0.293750 0.135937 0.148611
