14 0.248438 0.713889 0.492188 0.091667
1 0.380078 0.349306 0.138281 0.223611
10 0.194531 0.330556 0.125000 0.227778
8 0.186719 0.475694 0.140625 0.143056
0 0.285156 0.439583 0.131250 0.051389
0 0.288281 0.263194 0.131250 0.054167
14 0.748828 0.731250 0.489844 0.140278
1 0.901953 0.340972 0.171094 0.262500
0 0.680859 0.222222 0.027344 0.130556
0 0.578515 0.266667 0.128906 0.041667
0 0.552344 0.438194 0.075000 0.051389
9 0.635157 0.486111 0.140625 0.138889
3 0.531640 0.351389 0.042969 0.227778
4 0.737500 0.349306 0.051562 0.231944
3 0.790234 0.345139 0.044532 0.226389
2 0.797656 0.248611 0.148438 0.077778
