14 0.250391 0.718750 0.496094 0.095833
1 0.382031 0.351389 0.140625 0.225000
11 0.286719 0.353472 0.043750 0.226389
4 0.094141 0.259028 0.132031 0.076389
2 0.093359 0.345139 0.132031 0.076389
0 0.079687 0.525694 0.078125 0.056944
0 0.052344 0.340972 0.028125 0.229167
10 0.158985 0.420833 0.192968 0.102778
0 0.297266 0.266667 0.128906 0.047222
1 0.904687 0.364583 0.175000 0.245833
2 0.791015 0.362500 0.047656 0.230556
3 0.637109 0.449306 0.128906 0.076389
9 0.689844 0.320139 0.139063 0.151389
11 0.536719 0.368056 0.045312 0.227778
0 0.683594 0.495139 0.023438 0.143056
0 0.787891 0.454167 0.138281 0.044444
0 0.585938 0.278472 0.128125 0.043056
14 0.750000 0.728472 0.493750 0.131944
