3 0.625773 0.769759 0.164948 0.247423
0 0.680670 0.608935 0.052062 0.218557
0 0.559536 0.610997 0.043814 0.221306
0 0.624227 0.364261 0.176289 0.063230
0 0.526804 0.190034 0.109278 0.066667
7 0.705412 0.220275 0.109794 0.331959
7 0.626804 0.475601 0.179381 0.178694
4 0.559794 0.268729 0.056701 0.235052
3 0.609794 0.678007 0.190722 0.237113
8 0.675773 0.173196 0.064948 0.228179
2 0.547680 0.252577 0.170619 0.080412
0 0.486598 0.208247 0.050515 0.164948
0 0.675773 0.120962 0.058763 0.116838
0 0.629639 0.245704 0.144845 0.076289
0 0.640206 0.340550 0.095876 0.063918
0 0.642526 0.336082 0.102577 0.063230
0 0.674227 0.512715 0.039175 0.259794
0 0.546134 0.518900 0.044845 0.236426
4 0.680412 0.439863 0.057732 0.237801
4 0.613402 0.516495 0.175258 0.081787