3 0.365464 0.190722 0.180412 0.245361
2 0.290722 0.515808 0.070103 0.230241
8 0.421134 0.522680 0.072165 0.230241
0 0.359021 0.592096 0.176804 0.066667
0 0.303866 0.348110 0.069588 0.230241
0 0.423969 0.353952 0.068557 0.215808
0 0.342526 0.654296 0.101546 0.053608
0 0.472680 0.667354 0.095876 0.038488
0 0.496907 0.795189 0.046392 0.144330
0 0.366495 0.742612 0.172165 0.055670
0 0.439948 0.467354 0.062371 0.208935
0 0.313144 0.479725 0.057216 0.235052
5 0.303351 0.571478 0.067526 0.248110
4 0.435052 0.574914 0.067010 0.243986
3 0.377835 0.318557 0.191753 0.237113
4 0.304639 0.821306 0.070103 0.221306