4 0.264261 0.447165 0.245361 0.062371
0 0.354639 0.386340 0.067354 0.177835
0 0.228179 0.452835 0.147079 0.051031
0 0.591065 0.323196 0.247423 0.039175
0 0.599313 0.448454 0.230928 0.045361
7 0.220275 0.303093 0.322337 0.107216
0 0.223024 0.333247 0.125773 0.047938
6 0.559794 0.387629 0.158763 0.175258
3 0.767010 0.382474 0.254296 0.169072
3 0.685567 0.384536 0.245361 0.181443
5 0.521993 0.381701 0.088660 0.173711
6 0.390722 0.383247 0.158763 0.190206
4 0.258076 0.448711 0.080412 0.166495
1 0.175258 0.315722 0.225430 0.064433
0 0.128866 0.319588 0.110653 0.060825
0 0.257732 0.368814 0.070103 0.161340
0 0.212715 0.506701 0.139519 0.042268
0 0.523711 0.318814 0.232302 0.047938
0 0.519931 0.449227 0.227491 0.054124