3 0.362887 0.188316 0.176289 0.247423
2 0.291237 0.515808 0.063918 0.226117
8 0.418299 0.520619 0.066495 0.226117
0 0.300515 0.348454 0.061856 0.237801
0 0.424227 0.357045 0.057732 0.243986
0 0.356443 0.592440 0.181959 0.065979
0 0.341753 0.665979 0.095876 0.057732
0 0.369845 0.750172 0.159278 0.068041
0 0.495619 0.790722 0.043814 0.132646
0 0.465464 0.664605 0.102062 0.050859
0 0.308247 0.486254 0.041237 0.250859
0 0.431443 0.484536 0.050515 0.226804
1 0.432474 0.750859 0.171134 0.084536
4 0.431443 0.568729 0.058763 0.231615
3 0.371907 0.319588 0.190206 0.241924