3 0.626289 0.775945 0.177320 0.246048
4 0.700258 0.272165 0.065464 0.240550
4 0.568557 0.431271 0.064948 0.227491
8 0.573969 0.270103 0.064433 0.237801
0 0.538660 0.195189 0.104124 0.061856
0 0.629124 0.369072 0.161340 0.063230
0 0.565206 0.606186 0.047938 0.237801
0 0.691237 0.610653 0.047423 0.221993
6 0.626289 0.562543 0.185567 0.164261
5 0.689691 0.428179 0.070103 0.240550
4 0.695361 0.164261 0.070103 0.235052
4 0.564433 0.419931 0.064948 0.240550
1 0.562629 0.246735 0.174742 0.078351
0 0.502835 0.196907 0.045876 0.135395
0 0.642526 0.241237 0.159278 0.075601
0 0.659536 0.334708 0.105670 0.056357
0 0.689433 0.505155 0.062371 0.243299
0 0.562371 0.513058 0.057732 0.217869
0 0.529124 0.330241 0.098454 0.054296
3 0.626031 0.670790 0.182990 0.243299