2 0.702577 0.484536 0.064948 0.233677
8 0.578608 0.483162 0.067526 0.228179
0 0.635567 0.408935 0.173196 0.071478
0 0.700000 0.659450 0.057732 0.245361
0 0.573711 0.648110 0.057732 0.226804
3 0.636856 0.810309 0.172680 0.261168
3 0.623196 0.674227 0.188660 0.247423
1 0.697938 0.337801 0.064948 0.237113
0 0.506701 0.201375 0.046392 0.144330
0 0.530412 0.332646 0.110309 0.049485
0 0.629897 0.248110 0.173196 0.053608
0 0.693041 0.507904 0.058247 0.252921
0 0.565979 0.511340 0.060825 0.237801
4 0.565464 0.425773 0.070103 0.242612