3 0.228866 0.626289 0.255670 0.183505
2 0.559107 0.695361 0.237113 0.062887
0 0.802405 0.537371 0.061168 0.115979
0 0.392096 0.563660 0.230241 0.052062
0 0.379725 0.689175 0.254983 0.057732
0 0.637801 0.632732 0.070103 0.176804
8 0.556014 0.567784 0.233677 0.068557
5 0.573883 0.691237 0.239175 0.059794
3 0.328866 0.626289 0.237113 0.180412
0 0.485223 0.690979 0.244674 0.056186
0 0.663574 0.660052 0.048797 0.109794
0 0.477320 0.563660 0.216495 0.055155
0 0.671134 0.530928 0.048797 0.100000
0 0.800687 0.500515 0.144330 0.039175
0 0.755326 0.634021 0.075601 0.158763
4 0.834021 0.692526 0.231615 0.068557
1 0.751546 0.562371 0.085911 0.172165
4 0.576289 0.561340 0.237113 0.067010