0 0.535567 0.198625 0.100000 0.059107
0 0.694845 0.219588 0.049485 0.091409
0 0.625258 0.373540 0.168041 0.061168
0 0.690979 0.620275 0.044845 0.223368
0 0.564433 0.612371 0.056701 0.218557
4 0.696907 0.275258 0.059794 0.230241
8 0.566753 0.440893 0.067526 0.232990
3 0.627320 0.776976 0.172165 0.250859
3 0.620103 0.675945 0.187629 0.246735
4 0.692268 0.166323 0.061856 0.230928
4 0.560825 0.426117 0.063918 0.232302
1 0.563660 0.247079 0.167526 0.080412
0 0.502835 0.191409 0.048969 0.112027
0 0.630670 0.250859 0.169588 0.061856
0 0.657216 0.335395 0.107216 0.046735
0 0.529124 0.328179 0.104639 0.054296
0 0.562113 0.520275 0.072680 0.221306
0 0.683247 0.513058 0.068557 0.221993
5 0.691495 0.424399 0.066495 0.245361