3 0.224055 0.626289 0.246048 0.177320
4 0.727835 0.700258 0.240550 0.065464
4 0.568729 0.568557 0.227491 0.064948
8 0.729897 0.573969 0.237801 0.064433
0 0.804811 0.538660 0.061856 0.104124
0 0.630928 0.629124 0.063230 0.161340
0 0.393814 0.565206 0.237801 0.047938
0 0.389347 0.691237 0.221993 0.047423
6 0.437457 0.626289 0.164261 0.185567
5 0.571821 0.689691 0.240550 0.070103
4 0.835739 0.695361 0.235052 0.070103
4 0.580069 0.564433 0.240550 0.064948
1 0.753265 0.562629 0.078351 0.174742
0 0.803093 0.502835 0.135395 0.045876
0 0.758763 0.642526 0.075601 0.159278
0 0.665292 0.659536 0.056357 0.105670
0 0.494845 0.689433 0.243299 0.062371
0 0.486942 0.562371 0.217869 0.057732
0 0.669759 0.529124 0.054296 0.098454
3 0.329210 0.626031 0.243299 0.182990