3 0.624742 0.766667 0.175258 0.248110
0 0.684794 0.618900 0.045876 0.224742
0 0.560052 0.604124 0.051031 0.228179
7 0.625515 0.472509 0.179897 0.184880
5 0.689433 0.264261 0.059278 0.238488
0 0.681186 0.227148 0.041753 0.140893
0 0.623969 0.361512 0.165464 0.064605
0 0.519588 0.196907 0.100000 0.052921
6 0.591753 0.262543 0.117526 0.252921
3 0.625515 0.659107 0.187113 0.235052
0 0.693299 0.489691 0.040206 0.250859
0 0.566237 0.491065 0.050000 0.250859
4 0.628608 0.406873 0.170619 0.085223
0 0.658505 0.325773 0.098454 0.041237
0 0.657474 0.319588 0.093299 0.046735
4 0.633247 0.238832 0.057216 0.232990
6 0.567010 0.193471 0.174227 0.146392
0 0.639433 0.236082 0.159278 0.058419
6 0.728608 0.153265 0.117010 0.233677