0 0.379897 0.641237 0.173196 0.070103
0 0.450258 0.389347 0.043814 0.215120
0 0.318041 0.396220 0.052577 0.224742
0 0.450515 0.783505 0.046392 0.116838
4 0.445103 0.735739 0.063402 0.238488
4 0.317268 0.568041 0.056186 0.226117
2 0.384021 0.396220 0.172165 0.088660
3 0.385825 0.232302 0.176804 0.252921
3 0.387371 0.306529 0.190206 0.250172
0 0.321134 0.466667 0.046392 0.229553
0 0.451289 0.465636 0.050000 0.238488
0 0.389433 0.736426 0.169588 0.061168
0 0.327320 0.866667 0.042268 0.123711
5 0.323711 0.817869 0.055670 0.235052
6 0.385825 0.601718 0.187113 0.165636