3 0.233333 0.615722 0.253608 0.167526
2 0.738488 0.555928 0.237113 0.064433
0 0.646048 0.615464 0.059107 0.184536
0 0.388660 0.549227 0.216495 0.043814
0 0.377320 0.678866 0.207560 0.041237
4 0.568729 0.681959 0.217869 0.059794
7 0.445017 0.620619 0.168385 0.177320
1 0.818213 0.674742 0.231615 0.057732
4 0.645361 0.547938 0.235052 0.059794
4 0.469759 0.612371 0.092784 0.169072
0 0.735739 0.610052 0.068041 0.178866
0 0.473883 0.674227 0.241237 0.042268
0 0.467698 0.548969 0.234364 0.053608
3 0.308935 0.614691 0.245361 0.186082