2 0.515464 0.702577 0.233677 0.064948
8 0.516838 0.578608 0.228179 0.067526
0 0.591065 0.635567 0.071478 0.173196
0 0.340550 0.700000 0.245361 0.057732
0 0.351890 0.573711 0.226804 0.057732
3 0.189691 0.636856 0.261168 0.172680
3 0.325773 0.623196 0.247423 0.188660
1 0.662199 0.697938 0.237113 0.064948
0 0.798625 0.506701 0.144330 0.046392
0 0.667354 0.530412 0.049485 0.110309
0 0.751890 0.629897 0.053608 0.173196
0 0.492096 0.693041 0.252921 0.058247
0 0.488660 0.565979 0.237801 0.060825
4 0.574227 0.565464 0.242612 0.070103