3 0.615722 0.766667 0.167526 0.253608
2 0.555928 0.261512 0.064433 0.237113
0 0.615464 0.353952 0.184536 0.059107
0 0.549227 0.611340 0.043814 0.216495
0 0.678866 0.622680 0.041237 0.207560
4 0.681959 0.431271 0.059794 0.217869
7 0.620619 0.554983 0.177320 0.168385
1 0.674742 0.181787 0.057732 0.231615
4 0.547938 0.354639 0.059794 0.235052
4 0.612371 0.530241 0.169072 0.092784
0 0.610052 0.264261 0.178866 0.068041
0 0.674227 0.526117 0.042268 0.241237
0 0.548969 0.532302 0.053608 0.234364
3 0.614691 0.691065 0.186082 0.245361