3 0.229897 0.625515 0.261856 0.168557
0 0.387973 0.684794 0.217869 0.045876
0 0.391065 0.557732 0.211684 0.046392
7 0.522680 0.626031 0.171134 0.174742
7 0.779038 0.704124 0.327835 0.111340
0 0.644330 0.621907 0.073540 0.177835
0 0.809966 0.525515 0.062543 0.100515
4 0.733677 0.560825 0.239863 0.057732
3 0.323024 0.608247 0.241924 0.183505
0 0.487629 0.670103 0.243986 0.050515
0 0.485911 0.548196 0.243299 0.052062
4 0.483505 0.609021 0.084536 0.170619
0 0.657732 0.638402 0.061856 0.105670
0 0.657388 0.638402 0.061168 0.105670
0 0.882131 0.673454 0.106529 0.050000
0 0.749141 0.644588 0.061856 0.107732
8 0.830584 0.675515 0.224742 0.059278
4 0.740550 0.615722 0.226117 0.058247
6 0.787629 0.544330 0.142955 0.183505