0 0.296907 0.347423 0.057732 0.217869
0 0.423196 0.359107 0.064948 0.232990
0 0.355670 0.592440 0.175258 0.063230
2 0.294072 0.514089 0.071649 0.226804
8 0.418814 0.520962 0.065464 0.226804
3 0.368557 0.189003 0.184536 0.246048
3 0.369845 0.324055 0.186082 0.241237
1 0.434536 0.744674 0.177320 0.085911
0 0.495103 0.803093 0.042784 0.128522
0 0.467010 0.668041 0.102062 0.064605
0 0.372938 0.750859 0.159278 0.065292
0 0.341237 0.665292 0.102062 0.063230
0 0.304124 0.487629 0.046392 0.257732
0 0.433505 0.478351 0.057732 0.225430
4 0.432990 0.567698 0.064948 0.229553
5 0.304124 0.568385 0.063918 0.240550