8 0.428608 0.726804 0.062371 0.230241
0 0.464691 0.801375 0.097423 0.059107
0 0.371134 0.631615 0.157732 0.053608
4 0.298969 0.720962 0.067010 0.229553
0 0.301031 0.775601 0.063918 0.121649
0 0.309278 0.386254 0.046392 0.241924
0 0.432990 0.391065 0.047423 0.228179
6 0.373454 0.429553 0.177835 0.155326
3 0.375258 0.222337 0.185567 0.252234
3 0.378093 0.324399 0.191237 0.240550
4 0.307732 0.832302 0.064948 0.235052
4 0.437887 0.574914 0.063402 0.243986
1 0.438660 0.751546 0.175258 0.085911
0 0.363144 0.749828 0.164433 0.060481
0 0.498196 0.798625 0.047938 0.127835
0 0.472423 0.667698 0.095361 0.055670
0 0.346649 0.663574 0.097423 0.048797
0 0.312887 0.493814 0.050515 0.259107
0 0.438402 0.481100 0.062371 0.208935
5 0.311340 0.571478 0.069072 0.232990