0 0.610997 0.318557 0.214433 0.042268
0 0.615120 0.440464 0.199313 0.043814
1 0.606186 0.375258 0.083849 0.169072
3 0.769072 0.376031 0.248797 0.173711
0 0.190722 0.471134 0.063918 0.113402
0 0.362543 0.380670 0.066667 0.166495
0 0.236426 0.320876 0.155326 0.046907
7 0.223368 0.292784 0.338144 0.108247
4 0.265292 0.436340 0.241924 0.058247
8 0.171134 0.323969 0.228179 0.060309
4 0.437113 0.321649 0.240550 0.061856
4 0.515120 0.387887 0.081787 0.177835
2 0.253608 0.453608 0.081100 0.170103
0 0.209278 0.516237 0.142268 0.041753
0 0.252921 0.369588 0.059107 0.147423
0 0.132302 0.324485 0.135395 0.054124
0 0.341237 0.360309 0.059794 0.106186
0 0.517182 0.327835 0.237113 0.041237
0 0.514777 0.453866 0.241924 0.047938
3 0.675945 0.393557 0.241237 0.180928