3 0.374485 0.229897 0.168557 0.261856
0 0.315206 0.387973 0.045876 0.217869
0 0.442268 0.391065 0.046392 0.211684
7 0.373969 0.522680 0.174742 0.171134
7 0.295876 0.779038 0.111340 0.327835
0 0.378093 0.644330 0.177835 0.073540
0 0.474485 0.809966 0.100515 0.062543
4 0.439175 0.733677 0.057732 0.239863
3 0.391753 0.323024 0.183505 0.241924
0 0.329897 0.487629 0.050515 0.243986
0 0.451804 0.485911 0.052062 0.243299
4 0.390979 0.483505 0.170619 0.084536
0 0.361598 0.657732 0.105670 0.061856
0 0.361598 0.657388 0.105670 0.061168
0 0.326546 0.882131 0.050000 0.106529
0 0.355412 0.749141 0.107732 0.061856
8 0.324485 0.830584 0.059278 0.224742
4 0.384278 0.740550 0.058247 0.226117
6 0.455670 0.787629 0.183505 0.142955