3 0.234708 0.616237 0.250859 0.169588
2 0.397251 0.616495 0.083849 0.169072
4 0.485911 0.619845 0.083849 0.179897
0 0.643643 0.617784 0.054296 0.161340
4 0.742612 0.556443 0.231615 0.065464
0 0.405498 0.675773 0.240550 0.045361
0 0.406873 0.554897 0.237801 0.046907
3 0.306186 0.614691 0.243986 0.177835
0 0.732990 0.603093 0.055670 0.159794
0 0.471134 0.676031 0.235739 0.043814
0 0.461856 0.546907 0.222680 0.038144
6 0.600000 0.607732 0.164948 0.177320
5 0.465292 0.613144 0.090722 0.181959
7 0.813402 0.689948 0.237113 0.093299