3 0.770103 0.374485 0.261856 0.168557
0 0.612027 0.315206 0.217869 0.045876
0 0.608935 0.442268 0.211684 0.046392
7 0.477320 0.373969 0.171134 0.174742
7 0.220962 0.295876 0.327835 0.111340
0 0.355670 0.378093 0.073540 0.177835
0 0.190034 0.474485 0.062543 0.100515
4 0.266323 0.439175 0.239863 0.057732
3 0.676976 0.391753 0.241924 0.183505
0 0.512371 0.329897 0.243986 0.050515
0 0.514089 0.451804 0.243299 0.052062
4 0.516495 0.390979 0.084536 0.170619
0 0.342268 0.361598 0.061856 0.105670
0 0.342612 0.361598 0.061168 0.105670
0 0.117869 0.326546 0.106529 0.050000
0 0.250859 0.355412 0.061856 0.107732
8 0.169416 0.324485 0.224742 0.059278
4 0.259450 0.384278 0.226117 0.058247
6 0.212371 0.455670 0.142955 0.183505