3 0.188316 0.637113 0.247423 0.176289
2 0.515808 0.708763 0.226117 0.063918
8 0.520619 0.581701 0.226117 0.066495
0 0.348454 0.699485 0.237801 0.061856
0 0.357045 0.575773 0.243986 0.057732
0 0.592440 0.643557 0.065979 0.181959
0 0.665979 0.658247 0.057732 0.095876
0 0.750172 0.630155 0.068041 0.159278
0 0.790722 0.504381 0.132646 0.043814
0 0.664605 0.534536 0.050859 0.102062
0 0.486254 0.691753 0.250859 0.041237
0 0.484536 0.568557 0.226804 0.050515
1 0.750859 0.567526 0.084536 0.171134
4 0.568729 0.568557 0.231615 0.058763
3 0.319588 0.628093 0.241924 0.190206