3 0.634536 0.804811 0.183505 0.254296
0 0.698711 0.648797 0.071649 0.235052
0 0.573969 0.639175 0.072680 0.219931
2 0.704639 0.485223 0.072165 0.228179
8 0.580670 0.475945 0.074742 0.226117
0 0.645361 0.401718 0.187629 0.070790
3 0.628351 0.670790 0.190722 0.251546
0 0.689433 0.124742 0.047938 0.138144
0 0.505412 0.206873 0.046907 0.142955
0 0.625773 0.247423 0.161856 0.076976
0 0.532990 0.333333 0.102062 0.057732
0 0.661340 0.331271 0.098969 0.059107
0 0.693041 0.511340 0.052062 0.252921
0 0.567784 0.515464 0.061340 0.240550
1 0.567010 0.250859 0.174227 0.083849
5 0.696392 0.428179 0.064948 0.240550
4 0.567784 0.424399 0.068557 0.238488