0 0.649828 0.574227 0.058419 0.104124
0 0.643986 0.607990 0.057732 0.168557
0 0.620962 0.545361 0.124399 0.052577
0 0.359107 0.551031 0.164261 0.041237
0 0.396220 0.675515 0.220619 0.041753
0 0.395189 0.550773 0.233677 0.050000
6 0.437801 0.611598 0.155326 0.176804
3 0.235052 0.614175 0.254296 0.168557
5 0.735052 0.674227 0.232990 0.061856
0 0.788316 0.668557 0.119588 0.055670
0 0.855326 0.680155 0.136770 0.052062
0 0.770790 0.682732 0.127148 0.047938
0 0.735052 0.632990 0.062543 0.134021
0 0.775258 0.493041 0.140206 0.045876
0 0.463574 0.685309 0.230241 0.054124
0 0.469416 0.556186 0.230928 0.057732
6 0.598282 0.620876 0.158763 0.194330
1 0.626460 0.687629 0.227491 0.065979
4 0.464261 0.614433 0.091409 0.181443
3 0.298625 0.608505 0.242612 0.195361