0 0.574227 0.350172 0.104124 0.058419
0 0.607990 0.356014 0.168557 0.057732
0 0.545361 0.379038 0.052577 0.124399
0 0.551031 0.640893 0.041237 0.164261
0 0.675515 0.603780 0.041753 0.220619
0 0.550773 0.604811 0.050000 0.233677
6 0.611598 0.562199 0.176804 0.155326
3 0.614175 0.764948 0.168557 0.254296
5 0.674227 0.264948 0.061856 0.232990
0 0.668557 0.211684 0.055670 0.119588
0 0.680155 0.144674 0.052062 0.136770
0 0.682732 0.229210 0.047938 0.127148
0 0.632990 0.264948 0.134021 0.062543
0 0.493041 0.224742 0.045876 0.140206
0 0.685309 0.536426 0.054124 0.230241
0 0.556186 0.530584 0.057732 0.230928
6 0.620876 0.401718 0.194330 0.158763
1 0.687629 0.373540 0.065979 0.227491
4 0.614433 0.535739 0.181443 0.091409
3 0.608505 0.701375 0.195361 0.242612