3 0.230584 0.617268 0.252234 0.165464
6 0.436426 0.613144 0.162199 0.178866
0 0.343986 0.681959 0.165636 0.046392
0 0.392784 0.552835 0.215120 0.041753
0 0.431959 0.680670 0.143643 0.040722
0 0.639175 0.615206 0.063230 0.169588
4 0.736770 0.676289 0.233677 0.057732
0 0.795189 0.673454 0.092096 0.058247
0 0.782131 0.544330 0.118213 0.047423
4 0.731271 0.550773 0.235052 0.063402
0 0.865292 0.681959 0.103093 0.054639
0 0.740893 0.632990 0.052234 0.157732
0 0.789347 0.490979 0.135395 0.039691
1 0.821306 0.682474 0.228179 0.064948
2 0.741237 0.553351 0.079038 0.167526
6 0.604467 0.614691 0.160137 0.186082
4 0.474914 0.614433 0.085223 0.184536
0 0.475601 0.681186 0.237801 0.045876
0 0.478351 0.547938 0.232302 0.051546
3 0.315464 0.614948 0.251546 0.189691