3 0.374227 0.230241 0.164948 0.247423
0 0.319330 0.391065 0.052062 0.218557
0 0.440464 0.389003 0.043814 0.221306
0 0.375773 0.635739 0.176289 0.063230
0 0.473196 0.809966 0.109278 0.066667
7 0.294588 0.779725 0.109794 0.331959
7 0.373196 0.524399 0.179381 0.178694
4 0.440206 0.731271 0.056701 0.235052
3 0.390206 0.321993 0.190722 0.237113
8 0.324227 0.826804 0.064948 0.228179
2 0.452320 0.747423 0.170619 0.080412
0 0.513402 0.791753 0.050515 0.164948
0 0.324227 0.879038 0.058763 0.116838
0 0.370361 0.754296 0.144845 0.076289
0 0.359794 0.659450 0.095876 0.063918
0 0.357474 0.663918 0.102577 0.063230
0 0.325773 0.487285 0.039175 0.259794
0 0.453866 0.481100 0.044845 0.236426
4 0.319588 0.560137 0.057732 0.237801
4 0.386598 0.483505 0.175258 0.081787