3 0.617268 0.769416 0.165464 0.252234
6 0.613144 0.563574 0.178866 0.162199
0 0.681959 0.656014 0.046392 0.165636
0 0.552835 0.607216 0.041753 0.215120
0 0.680670 0.568041 0.040722 0.143643
0 0.615206 0.360825 0.169588 0.063230
4 0.676289 0.263230 0.057732 0.233677
0 0.673454 0.204811 0.058247 0.092096
0 0.544330 0.217869 0.047423 0.118213
4 0.550773 0.268729 0.063402 0.235052
0 0.681959 0.134708 0.054639 0.103093
0 0.632990 0.259107 0.157732 0.052234
0 0.490979 0.210653 0.039691 0.135395
1 0.682474 0.178694 0.064948 0.228179
2 0.553351 0.258763 0.167526 0.079038
6 0.614691 0.395533 0.186082 0.160137
4 0.614433 0.525086 0.184536 0.085223
0 0.681186 0.524399 0.045876 0.237801
0 0.547938 0.521649 0.051546 0.232302
3 0.614948 0.684536 0.189691 0.251546