0 0.389003 0.681443 0.214433 0.042268
0 0.384880 0.559536 0.199313 0.043814
1 0.393814 0.624742 0.083849 0.169072
3 0.230928 0.623969 0.248797 0.173711
0 0.809278 0.528866 0.063918 0.113402
0 0.637457 0.619330 0.066667 0.166495
0 0.763574 0.679124 0.155326 0.046907
7 0.776632 0.707216 0.338144 0.108247
4 0.734708 0.563660 0.241924 0.058247
8 0.828866 0.676031 0.228179 0.060309
4 0.562887 0.678351 0.240550 0.061856
4 0.484880 0.612113 0.081787 0.177835
2 0.746392 0.546392 0.081100 0.170103
0 0.790722 0.483763 0.142268 0.041753
0 0.747079 0.630412 0.059107 0.147423
0 0.867698 0.675515 0.135395 0.054124
0 0.658763 0.639691 0.059794 0.106186
0 0.482818 0.672165 0.237113 0.041237
0 0.485223 0.546134 0.241924 0.047938
3 0.324055 0.606443 0.241237 0.180928