3 0.373711 0.228866 0.183505 0.255670
2 0.304639 0.559107 0.062887 0.237113
0 0.462629 0.802405 0.115979 0.061168
0 0.436340 0.392096 0.052062 0.230241
0 0.310825 0.379725 0.057732 0.254983
0 0.367268 0.637801 0.176804 0.070103
8 0.432216 0.556014 0.068557 0.233677
5 0.308763 0.573883 0.059794 0.239175
3 0.373711 0.328866 0.180412 0.237113
0 0.309021 0.485223 0.056186 0.244674
0 0.339948 0.663574 0.109794 0.048797
0 0.436340 0.477320 0.055155 0.216495
0 0.469072 0.671134 0.100000 0.048797
0 0.499485 0.800687 0.039175 0.144330
0 0.365979 0.755326 0.158763 0.075601
4 0.307474 0.834021 0.068557 0.231615
1 0.437629 0.751546 0.172165 0.085911
4 0.438660 0.576289 0.067010 0.237113