0 0.198625 0.464433 0.059107 0.100000
0 0.219588 0.305155 0.091409 0.049485
0 0.373540 0.374742 0.061168 0.168041
0 0.620275 0.309021 0.223368 0.044845
0 0.612371 0.435567 0.218557 0.056701
4 0.275258 0.303093 0.230241 0.059794
8 0.440893 0.433247 0.232990 0.067526
3 0.776976 0.372680 0.250859 0.172165
3 0.675945 0.379897 0.246735 0.187629
4 0.166323 0.307732 0.230928 0.061856
4 0.426117 0.439175 0.232302 0.063918
1 0.247079 0.436340 0.080412 0.167526
0 0.191409 0.497165 0.112027 0.048969
0 0.250859 0.369330 0.061856 0.169588
0 0.335395 0.342784 0.046735 0.107216
0 0.328179 0.470876 0.054296 0.104639
0 0.520275 0.437887 0.221306 0.072680
0 0.513058 0.316753 0.221993 0.068557
5 0.424399 0.308505 0.245361 0.066495