3 0.236082 0.613144 0.256357 0.181959
0 0.407560 0.677835 0.247423 0.046392
0 0.404811 0.555155 0.239175 0.054639
0 0.763918 0.554381 0.129897 0.041753
0 0.649141 0.612113 0.081787 0.155155
4 0.663574 0.617526 0.101031 0.169072
2 0.400000 0.616495 0.078351 0.169072
8 0.484192 0.614948 0.080412 0.167010
6 0.606529 0.615979 0.160137 0.184536
5 0.475601 0.616753 0.087973 0.178866
0 0.743986 0.619845 0.058419 0.181959
0 0.871134 0.683247 0.110653 0.057216
1 0.821306 0.685825 0.225430 0.070619
1 0.469416 0.682990 0.232302 0.046392
1 0.477663 0.552835 0.229553 0.051031
3 0.319588 0.618299 0.246048 0.193299