3 0.613144 0.763918 0.181959 0.256357
0 0.677835 0.592440 0.046392 0.247423
0 0.555155 0.595189 0.054639 0.239175
0 0.554381 0.236082 0.041753 0.129897
0 0.612113 0.350859 0.155155 0.081787
4 0.617526 0.336426 0.169072 0.101031
2 0.616495 0.600000 0.169072 0.078351
8 0.614948 0.515808 0.167010 0.080412
6 0.615979 0.393471 0.184536 0.160137
5 0.616753 0.524399 0.178866 0.087973
0 0.619845 0.256014 0.181959 0.058419
0 0.683247 0.128866 0.057216 0.110653
1 0.685825 0.178694 0.070619 0.225430
1 0.682990 0.530584 0.046392 0.232302
1 0.552835 0.522337 0.051031 0.229553
3 0.618299 0.680412 0.193299 0.246048