3 0.634536 0.809278 0.180412 0.245361
2 0.709278 0.484192 0.070103 0.230241
8 0.578866 0.477320 0.072165 0.230241
0 0.640979 0.407904 0.176804 0.066667
0 0.696134 0.651890 0.069588 0.230241
0 0.576031 0.646048 0.068557 0.215808
0 0.657474 0.345704 0.101546 0.053608
0 0.527320 0.332646 0.095876 0.038488
0 0.503093 0.204811 0.046392 0.144330
0 0.633505 0.257388 0.172165 0.055670
0 0.560052 0.532646 0.062371 0.208935
0 0.686856 0.520275 0.057216 0.235052
5 0.696649 0.428522 0.067526 0.248110
4 0.564948 0.425086 0.067010 0.243986
3 0.622165 0.681443 0.191753 0.237113
4 0.695361 0.178694 0.070103 0.221306