0 0.641237 0.620103 0.070103 0.173196
0 0.389347 0.549742 0.215120 0.043814
0 0.396220 0.681959 0.224742 0.052577
0 0.783505 0.549485 0.116838 0.046392
4 0.735739 0.554897 0.238488 0.063402
4 0.568041 0.682732 0.226117 0.056186
2 0.396220 0.615979 0.088660 0.172165
3 0.232302 0.614175 0.252921 0.176804
3 0.306529 0.612629 0.250172 0.190206
0 0.466667 0.678866 0.229553 0.046392
0 0.465636 0.548711 0.238488 0.050000
0 0.736426 0.610567 0.061168 0.169588
0 0.866667 0.672680 0.123711 0.042268
5 0.817869 0.676289 0.235052 0.055670
6 0.601718 0.614175 0.165636 0.187113