3 0.382732 0.230584 0.165464 0.252234
6 0.386856 0.436426 0.178866 0.162199
0 0.318041 0.343986 0.046392 0.165636
0 0.447165 0.392784 0.041753 0.215120
0 0.319330 0.431959 0.040722 0.143643
0 0.384794 0.639175 0.169588 0.063230
4 0.323711 0.736770 0.057732 0.233677
0 0.326546 0.795189 0.058247 0.092096
0 0.455670 0.782131 0.047423 0.118213
4 0.449227 0.731271 0.063402 0.235052
0 0.318041 0.865292 0.054639 0.103093
0 0.367010 0.740893 0.157732 0.052234
0 0.509021 0.789347 0.039691 0.135395
1 0.317526 0.821306 0.064948 0.228179
2 0.446649 0.741237 0.167526 0.079038
6 0.385309 0.604467 0.186082 0.160137
4 0.385567 0.474914 0.184536 0.085223
0 0.318814 0.475601 0.045876 0.237801
0 0.452062 0.478351 0.051546 0.232302
3 0.385052 0.315464 0.189691 0.251546