3 0.764261 0.376289 0.248797 0.172165
4 0.420619 0.309794 0.232302 0.054639
0 0.351890 0.411856 0.041237 0.101031
0 0.355326 0.377577 0.063230 0.170619
0 0.197595 0.306701 0.077663 0.046392
6 0.260137 0.284021 0.238488 0.114433
6 0.560825 0.377835 0.163574 0.175258
0 0.594845 0.313144 0.234364 0.051031
0 0.600344 0.438918 0.220619 0.047938
3 0.702062 0.390206 0.239863 0.192784
0 0.235739 0.318814 0.144330 0.041753
0 0.144330 0.321649 0.118213 0.042268
0 0.270447 0.372423 0.062543 0.143814
0 0.230584 0.511340 0.138144 0.041237
2 0.271821 0.445876 0.080412 0.172165
6 0.409622 0.392010 0.163574 0.186082
5 0.458076 0.445103 0.248110 0.063402
0 0.545017 0.320103 0.222680 0.047423
0 0.542612 0.449742 0.206873 0.059278
4 0.541924 0.388918 0.090034 0.177835