3 0.230241 0.374227 0.247423 0.164948
0 0.391065 0.319330 0.218557 0.052062
0 0.389003 0.440464 0.221306 0.043814
0 0.635739 0.375773 0.063230 0.176289
0 0.809966 0.473196 0.066667 0.109278
7 0.779725 0.294588 0.331959 0.109794
7 0.524399 0.373196 0.178694 0.179381
4 0.731271 0.440206 0.235052 0.056701
3 0.321993 0.390206 0.237113 0.190722
8 0.826804 0.324227 0.228179 0.064948
2 0.747423 0.452320 0.080412 0.170619
0 0.791753 0.513402 0.164948 0.050515
0 0.879038 0.324227 0.116838 0.058763
0 0.754296 0.370361 0.076289 0.144845
0 0.659450 0.359794 0.063918 0.095876
0 0.663918 0.357474 0.063230 0.102577
0 0.487285 0.325773 0.259794 0.039175
0 0.481100 0.453866 0.236426 0.044845
4 0.560137 0.319588 0.237801 0.057732
4 0.483505 0.386598 0.081787 0.175258
