0 0.464433 0.198625 0.100000 0.059107
0 0.305155 0.219588 0.049485 0.091409
0 0.374742 0.373540 0.168041 0.061168
0 0.309021 0.620275 0.044845 0.223368
0 0.435567 0.612371 0.056701 0.218557
4 0.303093 0.275258 0.059794 0.230241
8 0.433247 0.440893 0.067526 0.232990
3 0.372680 0.776976 0.172165 0.250859
3 0.379897 0.675945 0.187629 0.246735
4 0.307732 0.166323 0.061856 0.230928
4 0.439175 0.426117 0.063918 0.232302
1 0.436340 0.247079 0.167526 0.080412
0 0.497165 0.191409 0.048969 0.112027
0 0.369330 0.250859 0.169588 0.061856
0 0.342784 0.335395 0.107216 0.046735
0 0.470876 0.328179 0.104639 0.054296
0 0.437887 0.520275 0.072680 0.221306
0 0.316753 0.513058 0.068557 0.221993
5 0.308505 0.424399 0.066495 0.245361
