4 0.544330 0.211684 0.056701 0.109966
4 0.674227 0.217526 0.050515 0.121649
4 0.677835 0.264605 0.049485 0.233677
4 0.548454 0.270447 0.050515 0.231615
0 0.544330 0.212371 0.056701 0.108591
0 0.674742 0.214433 0.052577 0.125086
0 0.609536 0.360481 0.182990 0.059794
0 0.680670 0.602062 0.043814 0.241924
0 0.556443 0.598969 0.057216 0.237113
6 0.613144 0.563230 0.186082 0.151890
3 0.619588 0.764605 0.168041 0.257732
3 0.613402 0.688316 0.185567 0.239863
5 0.618299 0.526804 0.181959 0.092784
6 0.618041 0.393814 0.183505 0.160825
1 0.681959 0.176289 0.065979 0.226117
2 0.552320 0.258419 0.167526 0.085223
0 0.488660 0.209622 0.041237 0.130584
0 0.639948 0.254983 0.139691 0.071478
0 0.681959 0.123368 0.062887 0.121649
0 0.680155 0.525773 0.052062 0.247423
0 0.552577 0.523368 0.053608 0.231615