3 0.190722 0.634536 0.245361 0.180412
2 0.515808 0.709278 0.230241 0.070103
8 0.522680 0.578866 0.230241 0.072165
0 0.592096 0.640979 0.066667 0.176804
0 0.348110 0.696134 0.230241 0.069588
0 0.353952 0.576031 0.215808 0.068557
0 0.654296 0.657474 0.053608 0.101546
0 0.667354 0.527320 0.038488 0.095876
0 0.795189 0.503093 0.144330 0.046392
0 0.742612 0.633505 0.055670 0.172165
0 0.467354 0.560052 0.208935 0.062371
0 0.479725 0.686856 0.235052 0.057216
5 0.571478 0.696649 0.248110 0.067526
4 0.574914 0.564948 0.243986 0.067010
3 0.318557 0.622165 0.237113 0.191753
4 0.821306 0.695361 0.221306 0.070103