0 0.425773 0.649828 0.104124 0.058419
0 0.392010 0.643986 0.168557 0.057732
0 0.454639 0.620962 0.052577 0.124399
0 0.448969 0.359107 0.041237 0.164261
0 0.324485 0.396220 0.041753 0.220619
0 0.449227 0.395189 0.050000 0.233677
6 0.388402 0.437801 0.176804 0.155326
3 0.385825 0.235052 0.168557 0.254296
5 0.325773 0.735052 0.061856 0.232990
0 0.331443 0.788316 0.055670 0.119588
0 0.319845 0.855326 0.052062 0.136770
0 0.317268 0.770790 0.047938 0.127148
0 0.367010 0.735052 0.134021 0.062543
0 0.506959 0.775258 0.045876 0.140206
0 0.314691 0.463574 0.054124 0.230241
0 0.443814 0.469416 0.057732 0.230928
6 0.379124 0.598282 0.194330 0.158763
1 0.312371 0.626460 0.065979 0.227491
4 0.385567 0.464261 0.181443 0.091409
3 0.391495 0.298625 0.195361 0.242612