0 0.347423 0.296907 0.217869 0.057732
0 0.359107 0.423196 0.232990 0.064948
0 0.592440 0.355670 0.063230 0.175258
2 0.514089 0.294072 0.226804 0.071649
8 0.520962 0.418814 0.226804 0.065464
3 0.189003 0.368557 0.246048 0.184536
3 0.324055 0.369845 0.241237 0.186082
1 0.744674 0.434536 0.085911 0.177320
0 0.803093 0.495103 0.128522 0.042784
0 0.668041 0.467010 0.064605 0.102062
0 0.750859 0.372938 0.065292 0.159278
0 0.665292 0.341237 0.063230 0.102062
0 0.487629 0.304124 0.257732 0.046392
0 0.478351 0.433505 0.225430 0.057732
4 0.567698 0.432990 0.229553 0.064948
5 0.568385 0.304124 0.240550 0.063918
