4 0.447165 0.735739 0.062371 0.245361
0 0.386340 0.645361 0.177835 0.067354
0 0.452835 0.771821 0.051031 0.147079
0 0.323196 0.408935 0.039175 0.247423
0 0.448454 0.400687 0.045361 0.230928
7 0.303093 0.779725 0.107216 0.322337
0 0.333247 0.776976 0.047938 0.125773
6 0.387629 0.440206 0.175258 0.158763
3 0.382474 0.232990 0.169072 0.254296
3 0.384536 0.314433 0.181443 0.245361
5 0.381701 0.478007 0.173711 0.088660
6 0.383247 0.609278 0.190206 0.158763
4 0.448711 0.741924 0.166495 0.080412
1 0.315722 0.824742 0.064433 0.225430
0 0.319588 0.871134 0.060825 0.110653
0 0.368814 0.742268 0.161340 0.070103
0 0.506701 0.787285 0.042268 0.139519
0 0.318814 0.476289 0.047938 0.232302
0 0.449227 0.480069 0.054124 0.227491