4 0.735739 0.552835 0.245361 0.062371
0 0.645361 0.613660 0.067354 0.177835
0 0.771821 0.547165 0.147079 0.051031
0 0.408935 0.676804 0.247423 0.039175
0 0.400687 0.551546 0.230928 0.045361
7 0.779725 0.696907 0.322337 0.107216
0 0.776976 0.666753 0.125773 0.047938
6 0.440206 0.612371 0.158763 0.175258
3 0.232990 0.617526 0.254296 0.169072
3 0.314433 0.615464 0.245361 0.181443
5 0.478007 0.618299 0.088660 0.173711
6 0.609278 0.616753 0.158763 0.190206
4 0.741924 0.551289 0.080412 0.166495
1 0.824742 0.684278 0.225430 0.064433
0 0.871134 0.680412 0.110653 0.060825
0 0.742268 0.631186 0.070103 0.161340
0 0.787285 0.493299 0.139519 0.042268
0 0.476289 0.681186 0.232302 0.047938
0 0.480069 0.550773 0.227491 0.054124