3 0.232646 0.376546 0.263230 0.171649
0 0.393471 0.312629 0.232990 0.048969
0 0.393814 0.440206 0.233677 0.045361
7 0.519931 0.375773 0.183505 0.182474
0 0.642268 0.371134 0.061168 0.157732
0 0.806186 0.478866 0.059107 0.096907
0 0.765979 0.318557 0.127148 0.045361
5 0.735739 0.311082 0.238488 0.058247
6 0.733333 0.409536 0.243299 0.123196
3 0.324055 0.395361 0.241237 0.198969
8 0.830584 0.321649 0.237113 0.064948
4 0.485223 0.391753 0.082474 0.176289
6 0.784880 0.451546 0.148454 0.186598
0 0.743986 0.369330 0.058419 0.138660
0 0.652577 0.359021 0.057045 0.099485
0 0.657388 0.361856 0.050172 0.105155
4 0.743986 0.380155 0.241237 0.061340
0 0.482131 0.325773 0.250859 0.037113
0 0.486598 0.453351 0.241924 0.055155
