3 0.234708 0.383763 0.250859 0.169588
2 0.397251 0.383505 0.083849 0.169072
4 0.485911 0.380155 0.083849 0.179897
0 0.643643 0.382216 0.054296 0.161340
4 0.742612 0.443557 0.231615 0.065464
0 0.405498 0.324227 0.240550 0.045361
0 0.406873 0.445103 0.237801 0.046907
3 0.306186 0.385309 0.243986 0.177835
0 0.732990 0.396907 0.055670 0.159794
0 0.471134 0.323969 0.235739 0.043814
0 0.461856 0.453093 0.222680 0.038144
6 0.600000 0.392268 0.164948 0.177320
5 0.465292 0.386856 0.090722 0.181959
7 0.813402 0.310052 0.237113 0.093299
