4 0.552835 0.264261 0.062371 0.245361
0 0.613660 0.354639 0.177835 0.067354
0 0.547165 0.228179 0.051031 0.147079
0 0.676804 0.591065 0.039175 0.247423
0 0.551546 0.599313 0.045361 0.230928
7 0.696907 0.220275 0.107216 0.322337
0 0.666753 0.223024 0.047938 0.125773
6 0.612371 0.559794 0.175258 0.158763
3 0.617526 0.767010 0.169072 0.254296
3 0.615464 0.685567 0.181443 0.245361
5 0.618299 0.521993 0.173711 0.088660
6 0.616753 0.390722 0.190206 0.158763
4 0.551289 0.258076 0.166495 0.080412
1 0.684278 0.175258 0.064433 0.225430
0 0.680412 0.128866 0.060825 0.110653
0 0.631186 0.257732 0.161340 0.070103
0 0.493299 0.212715 0.042268 0.139519
0 0.681186 0.523711 0.047938 0.232302
0 0.550773 0.519931 0.054124 0.227491