3 0.224055 0.373711 0.246048 0.177320
4 0.727835 0.299742 0.240550 0.065464
4 0.568729 0.431443 0.227491 0.064948
8 0.729897 0.426031 0.237801 0.064433
0 0.804811 0.461340 0.061856 0.104124
0 0.630928 0.370876 0.063230 0.161340
0 0.393814 0.434794 0.237801 0.047938
0 0.389347 0.308763 0.221993 0.047423
6 0.437457 0.373711 0.164261 0.185567
5 0.571821 0.310309 0.240550 0.070103
4 0.835739 0.304639 0.235052 0.070103
4 0.580069 0.435567 0.240550 0.064948
1 0.753265 0.437371 0.078351 0.174742
0 0.803093 0.497165 0.135395 0.045876
0 0.758763 0.357474 0.075601 0.159278
0 0.665292 0.340464 0.056357 0.105670
0 0.494845 0.310567 0.243299 0.062371
0 0.486942 0.437629 0.217869 0.057732
0 0.669759 0.470876 0.054296 0.098454
3 0.329210 0.373969 0.243299 0.182990
