8 0.571392 0.273196 0.062371 0.230241
0 0.535309 0.198625 0.097423 0.059107
0 0.628866 0.368385 0.157732 0.053608
4 0.701031 0.279038 0.067010 0.229553
0 0.698969 0.224399 0.063918 0.121649
0 0.690722 0.613746 0.046392 0.241924
0 0.567010 0.608935 0.047423 0.228179
6 0.626546 0.570447 0.177835 0.155326
3 0.624742 0.777663 0.185567 0.252234
3 0.621907 0.675601 0.191237 0.240550
4 0.692268 0.167698 0.064948 0.235052
4 0.562113 0.425086 0.063402 0.243986
1 0.561340 0.248454 0.175258 0.085911
0 0.636856 0.250172 0.164433 0.060481
0 0.501804 0.201375 0.047938 0.127835
0 0.527577 0.332302 0.095361 0.055670
0 0.653351 0.336426 0.097423 0.048797
0 0.687113 0.506186 0.050515 0.259107
0 0.561598 0.518900 0.062371 0.208935
5 0.688660 0.428522 0.069072 0.232990