4 0.455670 0.788316 0.056701 0.109966
4 0.325773 0.782474 0.050515 0.121649
4 0.322165 0.735395 0.049485 0.233677
4 0.451546 0.729553 0.050515 0.231615
0 0.455670 0.787629 0.056701 0.108591
0 0.325258 0.785567 0.052577 0.125086
0 0.390464 0.639519 0.182990 0.059794
0 0.319330 0.397938 0.043814 0.241924
0 0.443557 0.401031 0.057216 0.237113
6 0.386856 0.436770 0.186082 0.151890
3 0.380412 0.235395 0.168041 0.257732
3 0.386598 0.311684 0.185567 0.239863
5 0.381701 0.473196 0.181959 0.092784
6 0.381959 0.606186 0.183505 0.160825
1 0.318041 0.823711 0.065979 0.226117
2 0.447680 0.741581 0.167526 0.085223
0 0.511340 0.790378 0.041237 0.130584
0 0.360052 0.745017 0.139691 0.071478
0 0.318041 0.876632 0.062887 0.121649
0 0.319845 0.474227 0.052062 0.247423
0 0.447423 0.476632 0.053608 0.231615