3 0.384278 0.766667 0.167526 0.253608
2 0.444072 0.261512 0.064433 0.237113
0 0.384536 0.353952 0.184536 0.059107
0 0.450773 0.611340 0.043814 0.216495
0 0.321134 0.622680 0.041237 0.207560
4 0.318041 0.431271 0.059794 0.217869
7 0.379381 0.554983 0.177320 0.168385
1 0.325258 0.181787 0.057732 0.231615
4 0.452062 0.354639 0.059794 0.235052
4 0.387629 0.530241 0.169072 0.092784
0 0.389948 0.264261 0.178866 0.068041
0 0.325773 0.526117 0.042268 0.241237
0 0.451031 0.532302 0.053608 0.234364
3 0.385309 0.691065 0.186082 0.245361
