2 0.515464 0.297423 0.233677 0.064948
8 0.516838 0.421392 0.228179 0.067526
0 0.591065 0.364433 0.071478 0.173196
0 0.340550 0.300000 0.245361 0.057732
0 0.351890 0.426289 0.226804 0.057732
3 0.189691 0.363144 0.261168 0.172680
3 0.325773 0.376804 0.247423 0.188660
1 0.662199 0.302062 0.237113 0.064948
0 0.798625 0.493299 0.144330 0.046392
0 0.667354 0.469588 0.049485 0.110309
0 0.751890 0.370103 0.053608 0.173196
0 0.492096 0.306959 0.252921 0.058247
0 0.488660 0.434021 0.237801 0.060825
4 0.574227 0.434536 0.242612 0.070103
