3 0.223024 0.372165 0.243986 0.172165
0 0.382818 0.312371 0.214433 0.049485
0 0.380756 0.436082 0.210309 0.050515
0 0.629553 0.373711 0.064605 0.163918
0 0.802749 0.462629 0.059107 0.096392
0 0.785567 0.305412 0.083849 0.052062
4 0.727148 0.297938 0.232302 0.061856
8 0.722337 0.428866 0.248797 0.064948
5 0.571821 0.307732 0.240550 0.061856
4 0.574227 0.437887 0.242612 0.066495
4 0.832990 0.307216 0.233677 0.064948
1 0.751890 0.435309 0.085223 0.173711
0 0.888316 0.309536 0.107904 0.058247
0 0.753608 0.366495 0.063918 0.169072
0 0.802062 0.497423 0.134708 0.046392
0 0.671134 0.473196 0.062543 0.096907
0 0.664605 0.345876 0.060481 0.098969
0 0.492440 0.307216 0.238488 0.050515
0 0.480412 0.438402 0.221306 0.056186
3 0.324055 0.375773 0.239863 0.179381
