4 0.735739 0.447165 0.245361 0.062371
0 0.645361 0.386340 0.067354 0.177835
0 0.771821 0.452835 0.147079 0.051031
0 0.408935 0.323196 0.247423 0.039175
0 0.400687 0.448454 0.230928 0.045361
7 0.779725 0.303093 0.322337 0.107216
0 0.776976 0.333247 0.125773 0.047938
6 0.440206 0.387629 0.158763 0.175258
3 0.232990 0.382474 0.254296 0.169072
3 0.314433 0.384536 0.245361 0.181443
5 0.478007 0.381701 0.088660 0.173711
6 0.609278 0.383247 0.158763 0.190206
4 0.741924 0.448711 0.080412 0.166495
1 0.824742 0.315722 0.225430 0.064433
0 0.871134 0.319588 0.110653 0.060825
0 0.742268 0.368814 0.070103 0.161340
0 0.787285 0.506701 0.139519 0.042268
0 0.476289 0.318814 0.232302 0.047938
0 0.480069 0.449227 0.227491 0.054124
