3 0.233333 0.384278 0.253608 0.167526
2 0.738488 0.444072 0.237113 0.064433
0 0.646048 0.384536 0.059107 0.184536
0 0.388660 0.450773 0.216495 0.043814
0 0.377320 0.321134 0.207560 0.041237
4 0.568729 0.318041 0.217869 0.059794
7 0.445017 0.379381 0.168385 0.177320
1 0.818213 0.325258 0.231615 0.057732
4 0.645361 0.452062 0.235052 0.059794
4 0.469759 0.387629 0.092784 0.169072
0 0.735739 0.389948 0.068041 0.178866
0 0.473883 0.325773 0.241237 0.042268
0 0.467698 0.451031 0.234364 0.053608
3 0.308935 0.385309 0.245361 0.186082
