3 0.376546 0.767354 0.171649 0.263230
0 0.312629 0.606529 0.048969 0.232990
0 0.440206 0.606186 0.045361 0.233677
7 0.375773 0.480069 0.182474 0.183505
0 0.371134 0.357732 0.157732 0.061168
0 0.478866 0.193814 0.096907 0.059107
0 0.318557 0.234021 0.045361 0.127148
5 0.311082 0.264261 0.058247 0.238488
6 0.409536 0.266667 0.123196 0.243299
3 0.395361 0.675945 0.198969 0.241237
8 0.321649 0.169416 0.064948 0.237113
4 0.391753 0.514777 0.176289 0.082474
6 0.451546 0.215120 0.186598 0.148454
0 0.369330 0.256014 0.138660 0.058419
0 0.359021 0.347423 0.099485 0.057045
0 0.361856 0.342612 0.105155 0.050172
4 0.380155 0.256014 0.061340 0.241237
0 0.325773 0.517869 0.037113 0.250859
0 0.453351 0.513402 0.055155 0.241924
