3 0.365464 0.804811 0.183505 0.254296
0 0.301289 0.648797 0.071649 0.235052
0 0.426031 0.639175 0.072680 0.219931
2 0.295361 0.485223 0.072165 0.228179
8 0.419330 0.475945 0.074742 0.226117
0 0.354639 0.401718 0.187629 0.070790
3 0.371649 0.670790 0.190722 0.251546
0 0.310567 0.124742 0.047938 0.138144
0 0.494588 0.206873 0.046907 0.142955
0 0.374227 0.247423 0.161856 0.076976
0 0.467010 0.333333 0.102062 0.057732
0 0.338660 0.331271 0.098969 0.059107
0 0.306959 0.511340 0.052062 0.252921
0 0.432216 0.515464 0.061340 0.240550
1 0.432990 0.250859 0.174227 0.083849
5 0.303608 0.428179 0.064948 0.240550
4 0.432216 0.424399 0.068557 0.238488
