0 0.801375 0.535567 0.059107 0.100000
0 0.780412 0.694845 0.091409 0.049485
0 0.626460 0.625258 0.061168 0.168041
0 0.379725 0.690979 0.223368 0.044845
0 0.387629 0.564433 0.218557 0.056701
4 0.724742 0.696907 0.230241 0.059794
8 0.559107 0.566753 0.232990 0.067526
3 0.223024 0.627320 0.250859 0.172165
3 0.324055 0.620103 0.246735 0.187629
4 0.833677 0.692268 0.230928 0.061856
4 0.573883 0.560825 0.232302 0.063918
1 0.752921 0.563660 0.080412 0.167526
0 0.808591 0.502835 0.112027 0.048969
0 0.749141 0.630670 0.061856 0.169588
0 0.664605 0.657216 0.046735 0.107216
0 0.671821 0.529124 0.054296 0.104639
0 0.479725 0.562113 0.221306 0.072680
0 0.486942 0.683247 0.221993 0.068557
5 0.575601 0.691495 0.245361 0.066495