0 0.649828 0.425773 0.058419 0.104124
0 0.643986 0.392010 0.057732 0.168557
0 0.620962 0.454639 0.124399 0.052577
0 0.359107 0.448969 0.164261 0.041237
0 0.396220 0.324485 0.220619 0.041753
0 0.395189 0.449227 0.233677 0.050000
6 0.437801 0.388402 0.155326 0.176804
3 0.235052 0.385825 0.254296 0.168557
5 0.735052 0.325773 0.232990 0.061856
0 0.788316 0.331443 0.119588 0.055670
0 0.855326 0.319845 0.136770 0.052062
0 0.770790 0.317268 0.127148 0.047938
0 0.735052 0.367010 0.062543 0.134021
0 0.775258 0.506959 0.140206 0.045876
0 0.463574 0.314691 0.230241 0.054124
0 0.469416 0.443814 0.230928 0.057732
6 0.598282 0.379124 0.158763 0.194330
1 0.626460 0.312371 0.227491 0.065979
4 0.464261 0.385567 0.091409 0.181443
3 0.298625 0.391495 0.242612 0.195361
