0 0.318557 0.610997 0.042268 0.214433
0 0.440464 0.615120 0.043814 0.199313
1 0.375258 0.606186 0.169072 0.083849
3 0.376031 0.769072 0.173711 0.248797
0 0.471134 0.190722 0.113402 0.063918
0 0.380670 0.362543 0.166495 0.066667
0 0.320876 0.236426 0.046907 0.155326
7 0.292784 0.223368 0.108247 0.338144
4 0.436340 0.265292 0.058247 0.241924
8 0.323969 0.171134 0.060309 0.228179
4 0.321649 0.437113 0.061856 0.240550
4 0.387887 0.515120 0.177835 0.081787
2 0.453608 0.253608 0.170103 0.081100
0 0.516237 0.209278 0.041753 0.142268
0 0.369588 0.252921 0.147423 0.059107
0 0.324485 0.132302 0.054124 0.135395
0 0.360309 0.341237 0.106186 0.059794
0 0.327835 0.517182 0.041237 0.237113
0 0.453866 0.514777 0.047938 0.241924
3 0.393557 0.675945 0.180928 0.241237
