3 0.766667 0.375258 0.248110 0.175258
0 0.618900 0.315206 0.224742 0.045876
0 0.604124 0.439948 0.228179 0.051031
7 0.472509 0.374485 0.184880 0.179897
5 0.264261 0.310567 0.238488 0.059278
0 0.227148 0.318814 0.140893 0.041753
0 0.361512 0.376031 0.064605 0.165464
0 0.196907 0.480412 0.052921 0.100000
6 0.262543 0.408247 0.252921 0.117526
3 0.659107 0.374485 0.235052 0.187113
0 0.489691 0.306701 0.250859 0.040206
0 0.491065 0.433763 0.250859 0.050000
4 0.406873 0.371392 0.085223 0.170619
0 0.325773 0.341495 0.041237 0.098454
0 0.319588 0.342526 0.046735 0.093299
4 0.238832 0.366753 0.232990 0.057216
6 0.193471 0.432990 0.146392 0.174227
0 0.236082 0.360567 0.058419 0.159278
6 0.153265 0.271392 0.233677 0.117010