3 0.776289 0.376546 0.249485 0.177835
6 0.570790 0.372423 0.158763 0.184021
0 0.620619 0.308763 0.233677 0.056701
0 0.609966 0.435309 0.223368 0.052062
0 0.376289 0.372680 0.059794 0.172165
0 0.199656 0.461340 0.081787 0.107216
0 0.230928 0.303093 0.123711 0.048454
4 0.278694 0.302577 0.234364 0.062887
8 0.273540 0.430155 0.229553 0.065464
3 0.671478 0.365722 0.241924 0.185052
4 0.256357 0.362629 0.236426 0.062371
4 0.162887 0.300258 0.230928 0.062371
6 0.207904 0.430412 0.147766 0.188660
0 0.339863 0.338660 0.051546 0.104124
0 0.335395 0.338660 0.060481 0.102062
0 0.254639 0.351031 0.055670 0.155670
0 0.509278 0.432990 0.241924 0.042268
0 0.513058 0.303608 0.245361 0.038144
7 0.463918 0.364948 0.169072 0.191753