3 0.765292 0.383763 0.250859 0.169588
2 0.602749 0.383505 0.083849 0.169072
4 0.514089 0.380155 0.083849 0.179897
0 0.356357 0.382216 0.054296 0.161340
4 0.257388 0.443557 0.231615 0.065464
0 0.594502 0.324227 0.240550 0.045361
0 0.593127 0.445103 0.237801 0.046907
3 0.693814 0.385309 0.243986 0.177835
0 0.267010 0.396907 0.055670 0.159794
0 0.528866 0.323969 0.235739 0.043814
0 0.538144 0.453093 0.222680 0.038144
6 0.400000 0.392268 0.164948 0.177320
5 0.534708 0.386856 0.090722 0.181959
7 0.186598 0.310052 0.237113 0.093299