2 0.297423 0.484536 0.064948 0.233677
8 0.421392 0.483162 0.067526 0.228179
0 0.364433 0.408935 0.173196 0.071478
0 0.300000 0.659450 0.057732 0.245361
0 0.426289 0.648110 0.057732 0.226804
3 0.363144 0.810309 0.172680 0.261168
3 0.376804 0.674227 0.188660 0.247423
1 0.302062 0.337801 0.064948 0.237113
0 0.493299 0.201375 0.046392 0.144330
0 0.469588 0.332646 0.110309 0.049485
0 0.370103 0.248110 0.173196 0.053608
0 0.306959 0.507904 0.058247 0.252921
0 0.434021 0.511340 0.060825 0.237801
4 0.434536 0.425773 0.070103 0.242612
