3 0.767354 0.376546 0.263230 0.171649
0 0.606529 0.312629 0.232990 0.048969
0 0.606186 0.440206 0.233677 0.045361
7 0.480069 0.375773 0.183505 0.182474
0 0.357732 0.371134 0.061168 0.157732
0 0.193814 0.478866 0.059107 0.096907
0 0.234021 0.318557 0.127148 0.045361
5 0.264261 0.311082 0.238488 0.058247
6 0.266667 0.409536 0.243299 0.123196
3 0.675945 0.395361 0.241237 0.198969
8 0.169416 0.321649 0.237113 0.064948
4 0.514777 0.391753 0.082474 0.176289
6 0.215120 0.451546 0.148454 0.186598
0 0.256014 0.369330 0.058419 0.138660
0 0.347423 0.359021 0.057045 0.099485
0 0.342612 0.361856 0.050172 0.105155
4 0.256014 0.380155 0.241237 0.061340
0 0.517869 0.325773 0.250859 0.037113
0 0.513402 0.453351 0.241924 0.055155