3 0.223711 0.623454 0.249485 0.177835
6 0.429210 0.627577 0.158763 0.184021
0 0.379381 0.691237 0.233677 0.056701
0 0.390034 0.564691 0.223368 0.052062
0 0.623711 0.627320 0.059794 0.172165
0 0.800344 0.538660 0.081787 0.107216
0 0.769072 0.696907 0.123711 0.048454
4 0.721306 0.697423 0.234364 0.062887
8 0.726460 0.569845 0.229553 0.065464
3 0.328522 0.634278 0.241924 0.185052
4 0.743643 0.637371 0.236426 0.062371
4 0.837113 0.699742 0.230928 0.062371
6 0.792096 0.569588 0.147766 0.188660
0 0.660137 0.661340 0.051546 0.104124
0 0.664605 0.661340 0.060481 0.102062
0 0.745361 0.648969 0.055670 0.155670
0 0.490722 0.567010 0.241924 0.042268
0 0.486942 0.696392 0.245361 0.038144
7 0.536082 0.635052 0.169072 0.191753