3 0.235739 0.376289 0.248797 0.172165
4 0.579381 0.309794 0.232302 0.054639
0 0.648110 0.411856 0.041237 0.101031
0 0.644674 0.377577 0.063230 0.170619
0 0.802405 0.306701 0.077663 0.046392
6 0.739863 0.284021 0.238488 0.114433
6 0.439175 0.377835 0.163574 0.175258
0 0.405155 0.313144 0.234364 0.051031
0 0.399656 0.438918 0.220619 0.047938
3 0.297938 0.390206 0.239863 0.192784
0 0.764261 0.318814 0.144330 0.041753
0 0.855670 0.321649 0.118213 0.042268
0 0.729553 0.372423 0.062543 0.143814
0 0.769416 0.511340 0.138144 0.041237
2 0.728179 0.445876 0.080412 0.172165
6 0.590378 0.392010 0.163574 0.186082
5 0.541924 0.445103 0.248110 0.063402
0 0.454983 0.320103 0.222680 0.047423
0 0.457388 0.449742 0.206873 0.059278
4 0.458076 0.388918 0.090034 0.177835
