3 0.233333 0.375258 0.248110 0.175258
0 0.381100 0.315206 0.224742 0.045876
0 0.395876 0.439948 0.228179 0.051031
7 0.527491 0.374485 0.184880 0.179897
5 0.735739 0.310567 0.238488 0.059278
0 0.772852 0.318814 0.140893 0.041753
0 0.638488 0.376031 0.064605 0.165464
0 0.803093 0.480412 0.052921 0.100000
6 0.737457 0.408247 0.252921 0.117526
3 0.340893 0.374485 0.235052 0.187113
0 0.510309 0.306701 0.250859 0.040206
0 0.508935 0.433763 0.250859 0.050000
4 0.593127 0.371392 0.085223 0.170619
0 0.674227 0.341495 0.041237 0.098454
0 0.680412 0.342526 0.046735 0.093299
4 0.761168 0.366753 0.232990 0.057216
6 0.806529 0.432990 0.146392 0.174227
0 0.763918 0.360567 0.058419 0.159278
6 0.846735 0.271392 0.233677 0.117010
