3 0.373711 0.775945 0.177320 0.246048
4 0.299742 0.272165 0.065464 0.240550
4 0.431443 0.431271 0.064948 0.227491
8 0.426031 0.270103 0.064433 0.237801
0 0.461340 0.195189 0.104124 0.061856
0 0.370876 0.369072 0.161340 0.063230
0 0.434794 0.606186 0.047938 0.237801
0 0.308763 0.610653 0.047423 0.221993
6 0.373711 0.562543 0.185567 0.164261
5 0.310309 0.428179 0.070103 0.240550
4 0.304639 0.164261 0.070103 0.235052
4 0.435567 0.419931 0.064948 0.240550
1 0.437371 0.246735 0.174742 0.078351
0 0.497165 0.196907 0.045876 0.135395
0 0.357474 0.241237 0.159278 0.075601
0 0.340464 0.334708 0.105670 0.056357
0 0.310567 0.505155 0.062371 0.243299
0 0.437629 0.513058 0.057732 0.217869
0 0.470876 0.330241 0.098454 0.054296
3 0.373969 0.670790 0.182990 0.243299
