3 0.229897 0.374485 0.261856 0.168557
0 0.387973 0.315206 0.217869 0.045876
0 0.391065 0.442268 0.211684 0.046392
7 0.522680 0.373969 0.171134 0.174742
7 0.779038 0.295876 0.327835 0.111340
0 0.644330 0.378093 0.073540 0.177835
0 0.809966 0.474485 0.062543 0.100515
4 0.733677 0.439175 0.239863 0.057732
3 0.323024 0.391753 0.241924 0.183505
0 0.487629 0.329897 0.243986 0.050515
0 0.485911 0.451804 0.243299 0.052062
4 0.483505 0.390979 0.084536 0.170619
0 0.657732 0.361598 0.061856 0.105670
0 0.657388 0.361598 0.061168 0.105670
0 0.882131 0.326546 0.106529 0.050000
0 0.749141 0.355412 0.061856 0.107732
8 0.830584 0.324485 0.224742 0.059278
4 0.740550 0.384278 0.226117 0.058247
6 0.787629 0.455670 0.142955 0.183505
