3 0.771134 0.373711 0.255670 0.183505
2 0.440893 0.304639 0.237113 0.062887
0 0.197595 0.462629 0.061168 0.115979
0 0.607904 0.436340 0.230241 0.052062
0 0.620275 0.310825 0.254983 0.057732
0 0.362199 0.367268 0.070103 0.176804
8 0.443986 0.432216 0.233677 0.068557
5 0.426117 0.308763 0.239175 0.059794
3 0.671134 0.373711 0.237113 0.180412
0 0.514777 0.309021 0.244674 0.056186
0 0.336426 0.339948 0.048797 0.109794
0 0.522680 0.436340 0.216495 0.055155
0 0.328866 0.469072 0.048797 0.100000
0 0.199313 0.499485 0.144330 0.039175
0 0.244674 0.365979 0.075601 0.158763
4 0.165979 0.307474 0.231615 0.068557
1 0.248454 0.437629 0.085911 0.172165
4 0.423711 0.438660 0.237113 0.067010