3 0.623454 0.767354 0.171649 0.263230
0 0.687371 0.606529 0.048969 0.232990
0 0.559794 0.606186 0.045361 0.233677
7 0.624227 0.480069 0.182474 0.183505
0 0.628866 0.357732 0.157732 0.061168
0 0.521134 0.193814 0.096907 0.059107
0 0.681443 0.234021 0.045361 0.127148
5 0.688918 0.264261 0.058247 0.238488
6 0.590464 0.266667 0.123196 0.243299
3 0.604639 0.675945 0.198969 0.241237
8 0.678351 0.169416 0.064948 0.237113
4 0.608247 0.514777 0.176289 0.082474
6 0.548454 0.215120 0.186598 0.148454
0 0.630670 0.256014 0.138660 0.058419
0 0.640979 0.347423 0.099485 0.057045
0 0.638144 0.342612 0.105155 0.050172
4 0.619845 0.256014 0.061340 0.241237
0 0.674227 0.517869 0.037113 0.250859
0 0.546649 0.513402 0.055155 0.241924