3 0.384278 0.233333 0.167526 0.253608
2 0.444072 0.738488 0.064433 0.237113
0 0.384536 0.646048 0.184536 0.059107
0 0.450773 0.388660 0.043814 0.216495
0 0.321134 0.377320 0.041237 0.207560
4 0.318041 0.568729 0.059794 0.217869
7 0.379381 0.445017 0.177320 0.168385
1 0.325258 0.818213 0.057732 0.231615
4 0.452062 0.645361 0.059794 0.235052
4 0.387629 0.469759 0.169072 0.092784
0 0.389948 0.735739 0.178866 0.068041
0 0.325773 0.473883 0.042268 0.241237
0 0.451031 0.467698 0.053608 0.234364
3 0.385309 0.308935 0.186082 0.245361