8 0.726804 0.428608 0.230241 0.062371
0 0.801375 0.464691 0.059107 0.097423
0 0.631615 0.371134 0.053608 0.157732
4 0.720962 0.298969 0.229553 0.067010
0 0.775601 0.301031 0.121649 0.063918
0 0.386254 0.309278 0.241924 0.046392
0 0.391065 0.432990 0.228179 0.047423
6 0.429553 0.373454 0.155326 0.177835
3 0.222337 0.375258 0.252234 0.185567
3 0.324399 0.378093 0.240550 0.191237
4 0.832302 0.307732 0.235052 0.064948
4 0.574914 0.437887 0.243986 0.063402
1 0.751546 0.438660 0.085911 0.175258
0 0.749828 0.363144 0.060481 0.164433
0 0.798625 0.498196 0.127835 0.047938
0 0.667698 0.472423 0.055670 0.095361
0 0.663574 0.346649 0.048797 0.097423
0 0.493814 0.312887 0.259107 0.050515
0 0.481100 0.438402 0.208935 0.062371
5 0.571478 0.311340 0.232990 0.069072
