0 0.620103 0.358763 0.173196 0.070103
0 0.549742 0.610653 0.043814 0.215120
0 0.681959 0.603780 0.052577 0.224742
0 0.549485 0.216495 0.046392 0.116838
4 0.554897 0.264261 0.063402 0.238488
4 0.682732 0.431959 0.056186 0.226117
2 0.615979 0.603780 0.172165 0.088660
3 0.614175 0.767698 0.176804 0.252921
3 0.612629 0.693471 0.190206 0.250172
0 0.678866 0.533333 0.046392 0.229553
0 0.548711 0.534364 0.050000 0.238488
0 0.610567 0.263574 0.169588 0.061168
0 0.672680 0.133333 0.042268 0.123711
5 0.676289 0.182131 0.055670 0.235052
6 0.614175 0.398282 0.187113 0.165636