3 0.763918 0.386856 0.256357 0.181959
0 0.592440 0.322165 0.247423 0.046392
0 0.595189 0.444845 0.239175 0.054639
0 0.236082 0.445619 0.129897 0.041753
0 0.350859 0.387887 0.081787 0.155155
4 0.336426 0.382474 0.101031 0.169072
2 0.600000 0.383505 0.078351 0.169072
8 0.515808 0.385052 0.080412 0.167010
6 0.393471 0.384021 0.160137 0.184536
5 0.524399 0.383247 0.087973 0.178866
0 0.256014 0.380155 0.058419 0.181959
0 0.128866 0.316753 0.110653 0.057216
1 0.178694 0.314175 0.225430 0.070619
1 0.530584 0.317010 0.232302 0.046392
1 0.522337 0.447165 0.229553 0.051031
3 0.680412 0.381701 0.246048 0.193299