3 0.365464 0.195189 0.183505 0.254296
0 0.301289 0.351203 0.071649 0.235052
0 0.426031 0.360825 0.072680 0.219931
2 0.295361 0.514777 0.072165 0.228179
8 0.419330 0.524055 0.074742 0.226117
0 0.354639 0.598282 0.187629 0.070790
3 0.371649 0.329210 0.190722 0.251546
0 0.310567 0.875258 0.047938 0.138144
0 0.494588 0.793127 0.046907 0.142955
0 0.374227 0.752577 0.161856 0.076976
0 0.467010 0.666667 0.102062 0.057732
0 0.338660 0.668729 0.098969 0.059107
0 0.306959 0.488660 0.052062 0.252921
0 0.432216 0.484536 0.061340 0.240550
1 0.432990 0.749141 0.174227 0.083849
5 0.303608 0.571821 0.064948 0.240550
4 0.432216 0.575601 0.068557 0.238488