0 0.652577 0.296907 0.217869 0.057732
0 0.640893 0.423196 0.232990 0.064948
0 0.407560 0.355670 0.063230 0.175258
2 0.485911 0.294072 0.226804 0.071649
8 0.479038 0.418814 0.226804 0.065464
3 0.810997 0.368557 0.246048 0.184536
3 0.675945 0.369845 0.241237 0.186082
1 0.255326 0.434536 0.085911 0.177320
0 0.196907 0.495103 0.128522 0.042784
0 0.331959 0.467010 0.064605 0.102062
0 0.249141 0.372938 0.065292 0.159278
0 0.334708 0.341237 0.063230 0.102062
0 0.512371 0.304124 0.257732 0.046392
0 0.521649 0.433505 0.225430 0.057732
4 0.432302 0.432990 0.229553 0.064948
5 0.431615 0.304124 0.240550 0.063918