0 0.425773 0.350172 0.104124 0.058419
0 0.392010 0.356014 0.168557 0.057732
0 0.454639 0.379038 0.052577 0.124399
0 0.448969 0.640893 0.041237 0.164261
0 0.324485 0.603780 0.041753 0.220619
0 0.449227 0.604811 0.050000 0.233677
6 0.388402 0.562199 0.176804 0.155326
3 0.385825 0.764948 0.168557 0.254296
5 0.325773 0.264948 0.061856 0.232990
0 0.331443 0.211684 0.055670 0.119588
0 0.319845 0.144674 0.052062 0.136770
0 0.317268 0.229210 0.047938 0.127148
0 0.367010 0.264948 0.134021 0.062543
0 0.506959 0.224742 0.045876 0.140206
0 0.314691 0.536426 0.054124 0.230241
0 0.443814 0.530584 0.057732 0.230928
6 0.379124 0.401718 0.194330 0.158763
1 0.312371 0.373540 0.065979 0.227491
4 0.385567 0.535739 0.181443 0.091409
3 0.391495 0.701375 0.195361 0.242612
