0 0.464433 0.801375 0.100000 0.059107
0 0.305155 0.780412 0.049485 0.091409
0 0.374742 0.626460 0.168041 0.061168
0 0.309021 0.379725 0.044845 0.223368
0 0.435567 0.387629 0.056701 0.218557
4 0.303093 0.724742 0.059794 0.230241
8 0.433247 0.559107 0.067526 0.232990
3 0.372680 0.223024 0.172165 0.250859
3 0.379897 0.324055 0.187629 0.246735
4 0.307732 0.833677 0.061856 0.230928
4 0.439175 0.573883 0.063918 0.232302
1 0.436340 0.752921 0.167526 0.080412
0 0.497165 0.808591 0.048969 0.112027
0 0.369330 0.749141 0.169588 0.061856
0 0.342784 0.664605 0.107216 0.046735
0 0.470876 0.671821 0.104639 0.054296
0 0.437887 0.479725 0.072680 0.221306
0 0.316753 0.486942 0.068557 0.221993
5 0.308505 0.575601 0.066495 0.245361