3 0.376289 0.764261 0.172165 0.248797
4 0.309794 0.420619 0.054639 0.232302
0 0.411856 0.351890 0.101031 0.041237
0 0.377577 0.355326 0.170619 0.063230
0 0.306701 0.197595 0.046392 0.077663
6 0.284021 0.260137 0.114433 0.238488
6 0.377835 0.560825 0.175258 0.163574
0 0.313144 0.594845 0.051031 0.234364
0 0.438918 0.600344 0.047938 0.220619
3 0.390206 0.702062 0.192784 0.239863
0 0.318814 0.235739 0.041753 0.144330
0 0.321649 0.144330 0.042268 0.118213
0 0.372423 0.270447 0.143814 0.062543
0 0.511340 0.230584 0.041237 0.138144
2 0.445876 0.271821 0.172165 0.080412
6 0.392010 0.409622 0.186082 0.163574
5 0.445103 0.458076 0.063402 0.248110
0 0.320103 0.545017 0.047423 0.222680
0 0.449742 0.542612 0.059278 0.206873
4 0.388918 0.541924 0.177835 0.090034
