3 0.362887 0.811684 0.176289 0.247423
2 0.291237 0.484192 0.063918 0.226117
8 0.418299 0.479381 0.066495 0.226117
0 0.300515 0.651546 0.061856 0.237801
0 0.424227 0.642955 0.057732 0.243986
0 0.356443 0.407560 0.181959 0.065979
0 0.341753 0.334021 0.095876 0.057732
0 0.369845 0.249828 0.159278 0.068041
0 0.495619 0.209278 0.043814 0.132646
0 0.465464 0.335395 0.102062 0.050859
0 0.308247 0.513746 0.041237 0.250859
0 0.431443 0.515464 0.050515 0.226804
1 0.432474 0.249141 0.171134 0.084536
4 0.431443 0.431271 0.058763 0.231615
3 0.371907 0.680412 0.190206 0.241924
