3 0.374227 0.769759 0.164948 0.247423
0 0.319330 0.608935 0.052062 0.218557
0 0.440464 0.610997 0.043814 0.221306
0 0.375773 0.364261 0.176289 0.063230
0 0.473196 0.190034 0.109278 0.066667
7 0.294588 0.220275 0.109794 0.331959
7 0.373196 0.475601 0.179381 0.178694
4 0.440206 0.268729 0.056701 0.235052
3 0.390206 0.678007 0.190722 0.237113
8 0.324227 0.173196 0.064948 0.228179
2 0.452320 0.252577 0.170619 0.080412
0 0.513402 0.208247 0.050515 0.164948
0 0.324227 0.120962 0.058763 0.116838
0 0.370361 0.245704 0.144845 0.076289
0 0.359794 0.340550 0.095876 0.063918
0 0.357474 0.336082 0.102577 0.063230
0 0.325773 0.512715 0.039175 0.259794
0 0.453866 0.518900 0.044845 0.236426
4 0.319588 0.439863 0.057732 0.237801
4 0.386598 0.516495 0.175258 0.081787
