3 0.372165 0.776976 0.172165 0.243986
0 0.312371 0.617182 0.049485 0.214433
0 0.436082 0.619244 0.050515 0.210309
0 0.373711 0.370447 0.163918 0.064605
0 0.462629 0.197251 0.096392 0.059107
0 0.305412 0.214433 0.052062 0.083849
4 0.297938 0.272852 0.061856 0.232302
8 0.428866 0.277663 0.064948 0.248797
5 0.307732 0.428179 0.061856 0.240550
4 0.437887 0.425773 0.066495 0.242612
4 0.307216 0.167010 0.064948 0.233677
1 0.435309 0.248110 0.173711 0.085223
0 0.309536 0.111684 0.058247 0.107904
0 0.366495 0.246392 0.169072 0.063918
0 0.497423 0.197938 0.046392 0.134708
0 0.473196 0.328866 0.096907 0.062543
0 0.345876 0.335395 0.098969 0.060481
0 0.307216 0.507560 0.050515 0.238488
0 0.438402 0.519588 0.056186 0.221306
3 0.375773 0.675945 0.179381 0.239863
