3 0.623711 0.764261 0.172165 0.248797
4 0.690206 0.420619 0.054639 0.232302
0 0.588144 0.351890 0.101031 0.041237
0 0.622423 0.355326 0.170619 0.063230
0 0.693299 0.197595 0.046392 0.077663
6 0.715979 0.260137 0.114433 0.238488
6 0.622165 0.560825 0.175258 0.163574
0 0.686856 0.594845 0.051031 0.234364
0 0.561082 0.600344 0.047938 0.220619
3 0.609794 0.702062 0.192784 0.239863
0 0.681186 0.235739 0.041753 0.144330
0 0.678351 0.144330 0.042268 0.118213
0 0.627577 0.270447 0.143814 0.062543
0 0.488660 0.230584 0.041237 0.138144
2 0.554124 0.271821 0.172165 0.080412
6 0.607990 0.409622 0.186082 0.163574
5 0.554897 0.458076 0.063402 0.248110
0 0.679897 0.545017 0.047423 0.222680
0 0.550258 0.542612 0.059278 0.206873
4 0.611082 0.541924 0.177835 0.090034