3 0.616237 0.765292 0.169588 0.250859
2 0.616495 0.602749 0.169072 0.083849
4 0.619845 0.514089 0.179897 0.083849
0 0.617784 0.356357 0.161340 0.054296
4 0.556443 0.257388 0.065464 0.231615
0 0.675773 0.594502 0.045361 0.240550
0 0.554897 0.593127 0.046907 0.237801
3 0.614691 0.693814 0.177835 0.243986
0 0.603093 0.267010 0.159794 0.055670
0 0.676031 0.528866 0.043814 0.235739
0 0.546907 0.538144 0.038144 0.222680
6 0.607732 0.400000 0.177320 0.164948
5 0.613144 0.534708 0.181959 0.090722
7 0.689948 0.186598 0.093299 0.237113