0 0.641237 0.379897 0.070103 0.173196
0 0.389347 0.450258 0.215120 0.043814
0 0.396220 0.318041 0.224742 0.052577
0 0.783505 0.450515 0.116838 0.046392
4 0.735739 0.445103 0.238488 0.063402
4 0.568041 0.317268 0.226117 0.056186
2 0.396220 0.384021 0.088660 0.172165
3 0.232302 0.385825 0.252921 0.176804
3 0.306529 0.387371 0.250172 0.190206
0 0.466667 0.321134 0.229553 0.046392
0 0.465636 0.451289 0.238488 0.050000
0 0.736426 0.389433 0.061168 0.169588
0 0.866667 0.327320 0.123711 0.042268
5 0.817869 0.323711 0.235052 0.055670
6 0.601718 0.385825 0.165636 0.187113
