0 0.347423 0.703093 0.217869 0.057732
0 0.359107 0.576804 0.232990 0.064948
0 0.592440 0.644330 0.063230 0.175258
2 0.514089 0.705928 0.226804 0.071649
8 0.520962 0.581186 0.226804 0.065464
3 0.189003 0.631443 0.246048 0.184536
3 0.324055 0.630155 0.241237 0.186082
1 0.744674 0.565464 0.085911 0.177320
0 0.803093 0.504897 0.128522 0.042784
0 0.668041 0.532990 0.064605 0.102062
0 0.750859 0.627062 0.065292 0.159278
0 0.665292 0.658763 0.063230 0.102062
0 0.487629 0.695876 0.257732 0.046392
0 0.478351 0.566495 0.225430 0.057732
4 0.567698 0.567010 0.229553 0.064948
5 0.568385 0.695876 0.240550 0.063918