3 0.383763 0.765292 0.169588 0.250859
2 0.383505 0.602749 0.169072 0.083849
4 0.380155 0.514089 0.179897 0.083849
0 0.382216 0.356357 0.161340 0.054296
4 0.443557 0.257388 0.065464 0.231615
0 0.324227 0.594502 0.045361 0.240550
0 0.445103 0.593127 0.046907 0.237801
3 0.385309 0.693814 0.177835 0.243986
0 0.396907 0.267010 0.159794 0.055670
0 0.323969 0.528866 0.043814 0.235739
0 0.453093 0.538144 0.038144 0.222680
6 0.392268 0.400000 0.177320 0.164948
5 0.386856 0.534708 0.181959 0.090722
7 0.310052 0.186598 0.093299 0.237113
