4 0.788316 0.455670 0.109966 0.056701
4 0.782474 0.325773 0.121649 0.050515
4 0.735395 0.322165 0.233677 0.049485
4 0.729553 0.451546 0.231615 0.050515
0 0.787629 0.455670 0.108591 0.056701
0 0.785567 0.325258 0.125086 0.052577
0 0.639519 0.390464 0.059794 0.182990
0 0.397938 0.319330 0.241924 0.043814
0 0.401031 0.443557 0.237113 0.057216
6 0.436770 0.386856 0.151890 0.186082
3 0.235395 0.380412 0.257732 0.168041
3 0.311684 0.386598 0.239863 0.185567
5 0.473196 0.381701 0.092784 0.181959
6 0.606186 0.381959 0.160825 0.183505
1 0.823711 0.318041 0.226117 0.065979
2 0.741581 0.447680 0.085223 0.167526
0 0.790378 0.511340 0.130584 0.041237
0 0.745017 0.360052 0.071478 0.139691
0 0.876632 0.318041 0.121649 0.062887
0 0.474227 0.319845 0.247423 0.052062
0 0.476632 0.447423 0.231615 0.053608
